1 307
2 247
3 12
4 1172
5 652
9 147
11 84
12 311
13 331
14 83
15 52
18 265
19 1310
20 1598
21 235
22 2065
23 634
24 56
25 477
10 270
27 498
29 101
31 2055
33 1604
34 228
35 256
36 212
37 230
38 1969
40 247
41 4011
42 337
43 1459
45 1204
47 181
50 283
52 906
54 160
55 28
56 217
57 151
58 478
62 604
64 32
65 382
66 3193
67 290
68 321
69 1158
70 744
71 130
73 414
74 707
75 306
76 590
77 946
78 431
79 61
80 1184
83 227
85 2224
86 737
89 254
90 113
91 471
92 490
93 491
96 44
97 273
98 834
99 495
100 541
102 56
103 1547
104 616
106 334
107 154
108 2086
109 676
110 410
111 349
114 123
115 103
117 160
118 1405
123 27
124 107
125 485
126 336
127 167
130 839
131 85
133 170
134 317
135 1367
137 400
139 366
142 476
143 286
145 2445
147 1786
149 123
151 494
153 222
155 1114
156 1269
157 179
158 99
159 604
162 1130
165 169
166 94
167 293
170 172
172 183
173 1576
174 122
175 177
176 64
177 26
179 514
180 60
181 430
183 694
185 311
187 103
188 164
189 33
191 10
193 73
194 64
196 382
197 79
200 29
203 185
204 1330
206 609
207 271
208 311
209 619
210 101
211 606
212 1241
217 564
218 205
219 229
220 385
222 3223
223 298
225 634
226 548
227 724
228 179
229 1550
230 198
232 111
233 102
234 704
235 384
237 1645
238 494
239 547
240 1115
242 242
243 13
244 1061
245 229
247 184
248 220
250 644
251 109
253 239
255 57
256 923
258 210
261 152
262 381
264 253
265 754
267 787
101 70
272 156
273 930
274 982
275 253
276 2254
277 576
278 636
280 152
281 462
283 118
285 47
290 454
291 173
292 457
293 726
294 911
296 393
298 2474
300 347
303 73
119 1985
305 550
306 600
307 300
309 59
310 63
313 59
314 1058
315 1164
317 1075
319 208
320 778
321 80
322 133
325 484
326 615
330 869
331 836
333 199
334 7
335 467
336 1090
337 614
343 160
344 91
346 805
348 99
350 177
352 63
354 727
356 1262
357 876
359 26
360 511
246 82
361 393
364 396
366 24
367 397
368 946
369 148
370 2830
329 2137
371 458
372 171
374 1029
377 106
380 616
382 119
383 71
384 1679
385 200
387 25
388 110
389 43
390 101
391 94
392 459
396 147
397 1253
398 938
401 97
403 144
404 238
406 417
407 599
411 163
412 76
414 53
416 45
417 192
418 643
190 1601
419 295
420 39
421 623
422 94
423 455
425 2831
426 506
429 990
430 141
431 209
432 89
435 84
437 689
439 212
440 236
441 1432
444 92
445 347
450 170
386 1655
453 79
454 57
455 128
456 1740
457 435
458 173
379 2754
460 1131
462 453
463 189
464 519
465 154
466 1386
468 601
471 331
478 292
415 969
479 330
480 959
481 165
482 1373
484 71
485 680
487 308
489 27
490 1724
491 128
492 26
496 2969
498 798
499 1398
500 414
502 175
503 217
504 81
507 70
511 1037
514 156
515 1674
129 426
516 133
521 883
522 665
523 425
94 498
525 72
527 46
528 148
529 200
530 24
531 2172
532 2316
534 555
535 260
536 722
538 722
539 563
540 785
541 855
542 157
544 5
545 301
546 164
547 764
550 193
551 772
552 129
505 3378
553 62
554 1040
555 62
556 769
557 1362
558 201
559 177
560 239
562 394
566 351
567 100
568 174
569 463
570 252
571 46
574 138
575 495
49 1051
579 104
580 62
582 197
583 156
577 158
586 776
589 94
590 297
593 1154
595 96
596 140
598 2075
599 303
600 68
601 1461
602 9
606 471
608 48
610 703
611 714
612 56
613 133
615 268
619 2947
622 209
623 1749
624 625
626 38
630 33
631 1941
633 428
634 139
635 219
637 884
363 265
640 2678
643 79
644 120
646 1012
647 8
649 49
650 63
136 1438
652 34
653 1407
657 123
434 1252
59 1011
353 138
661 252
662 45
663 107
664 201
665 197
667 118
669 278
670 1264
671 454
673 364
674 705
675 113
677 329
678 114
681 2294
682 923
684 339
685 1504
686 144
687 442
688 438
689 1049
690 366
691 183
692 364
693 160
694 615
696 647
697 126
698 44
638 1783
699 142
701 215
654 1845
704 1069
705 138
706 1150
707 1112
709 188
710 305
712 299
713 70
714 296
718 996
721 173
722 304
724 1671
725 654
726 869
727 101
728 2129
729 936
730 260
735 27
738 661
740 2797
744 116
746 110
747 431
749 253
750 261
61 1118
752 90
260 649
146 90
756 308
758 945
759 49
760 246
72 329
642 475
762 254
764 1693
765 1349
81 1217
767 370
537 492
768 465
769 2259
39 686
116 693
771 94
772 68
773 455
775 1456
268 317
777 1730
308 886
778 111
780 428
781 431
782 173
784 84
475 376
787 89
789 608
790 538
791 22
792 92
794 266
796 14
798 223
800 705
801 345
192 270
804 1349
805 202
806 296
808 150
809 341
810 151
812 355
814 504
816 9
819 217
822 1219
823 56
827 1041
51 371
829 68
831 246
832 76
834 35
836 129
837 163
842 109
843 417
844 283
846 157
847 33
849 65
850 147
856 53
578 3914
859 346
655 370
860 408
862 202
863 638
864 675
645 1163
865 640
869 122
870 200
871 633
873 335
44 2649
876 277
877 353
880 250
881 1484
882 85
884 232
885 325
888 438
890 198
895 372
874 1345
897 352
898 300
899 774
902 2885
576 2152
903 648
904 159
905 909
907 295
213 445
908 67
345 1418
911 419
913 182
914 198
776 639
734 899
447 1220
788 1001
915 138
917 67
919 343
920 204
921 1065
923 383
140 278
924 1854
927 932
928 275
929 23
930 566
932 397
933 321
934 711
935 172
937 634
939 722
941 41
942 188
943 715
618 24
944 409
945 103
946 398
948 78
949 339
953 568
954 93
955 141
957 251
959 834
960 7
961 191
963 139
965 890
803 2575
966 64
969 381
970 249
971 239
973 225
820 243
978 91
163 1054
981 551
982 675
857 2449
983 62
984 135
987 36
989 264
990 202
992 35
994 240
588 502
1000 149
1004 908
1005 162
1006 237
1007 256
1008 82
878 264
1009 68
1011 155
1012 225
875 1559
1014 619
1016 207
833 289
1018 290
1020 450
1022 261
1023 92
1024 429
998 73
1025 360
1026 18
1015 3052
1027 134
1028 29
1029 569
1030 322
892 1238
168 519
1033 123
1034 412
1036 904
1037 147
1039 39
16 464
1041 79
1043 188
1046 119
1048 518
700 744
1052 452
1053 177
1055 339
1057 1910
1060 1114
1061 111
1062 221
1066 37
1067 130
1069 18
1072 49
1073 96
1074 179
1079 346
1081 7
1082 9
1087 16
1088 291
1090 96
1095 372
1097 451
1098 205
1099 937
1101 336
1102 155
1103 723
1105 37
1106 462
1107 147
1110 54
1112 390
1113 299
1114 235
1115 1004
178 394
1117 100
113 1349
254 256
1119 265
1120 715
830 1163
1121 786
1122 210
1124 666
1127 320
1128 25
1130 164
1131 282
1134 66
1136 76
199 1784
1140 290
1141 728
1145 596
1146 63
1147 295
732 514
1149 777
1150 442
1152 223
1153 209
1154 36
1157 197
763 2004
1159 2005
1160 260
1161 28
1162 323
1163 164
1071 292
1165 241
1166 539
1167 123
1168 2842
1169 99
1170 1828
1171 174
1172 1029
1173 41
1174 210
1175 624
1176 486
1178 97
1179 43
1181 258
1182 18
1183 153
1185 728
1187 225
1188 65
1191 1491
46 527
1192 210
1193 415
1194 17
1196 19
891 466
1197 65
1198 37
1199 56
1201 200
1204 56
1205 716
1206 367
1208 78
1209 652
1210 938
1212 27
1214 1313
1215 110
1216 369
1217 26
1218 682
639 540
1219 10
526 595
1220 55
1223 238
1224 437
1225 48
1227 173
1228 131
1232 804
1235 71
1236 768
63 57
1240 341
1244 264
286 376
1245 265
1247 1932
1248 449
1249 814
1250 551
1253 152
1255 104
198 1358
1256 109
449 1741
1257 1100
1258 153
1259 176
1263 1274
1265 63
1267 893
1269 110
1270 273
1271 234
1272 65
1273 219
1274 495
1275 159
1276 149
1277 114
1278 572
1279 441
1281 867
1282 725
509 518
1283 38
1285 399
1286 179
1290 460
205 1405
1296 142
1262 1041
1297 1724
1298 89
1299 1121
1300 78
1301 190
1303 868
1305 303
1306 556
1307 173
1308 578
1309 22
1310 352
1312 91
1314 906
1316 373
1190 1239
1321 379
1322 1324
1326 54
1327 778
1329 308
821 1950
1331 187
1332 233
1334 153
1335 815
1337 86
1339 316
1341 604
1342 14
1343 374
1344 731
1345 10
1347 186
1348 179
1349 275
1350 68
1351 234
1353 74
1354 187
1360 234
1362 290
1364 609
1365 553
1366 64
1325 676
1368 932
1369 93
1371 29
1372 89
1374 87
1376 1731
1377 22
1378 175
1379 113
1381 168
1382 14
1383 186
1386 540
1387 130
1391 203
1392 158
1393 118
1394 485
1395 766
1397 28
1398 18
436 2070
1125 158
1405 35
1407 60
1408 714
1409 563
1410 322
1411 172
1412 516
1413 148
365 701
1415 36
1416 50
452 115
1418 614
1424 327
1427 1323
1430 27
1432 512
1434 202
88 57
1435 105
1436 375
1437 135
1439 191
1441 26
1442 120
201 1302
1443 26
1445 451
1447 487
1449 91
1450 12
1452 796
1453 74
1455 78
1456 37
1459 523
1461 78
1076 171
1464 165
1429 52
1468 212
279 192
1433 1032
1469 276
1471 559
1472 138
1473 99
1234 376
1475 81
1476 171
1477 85
1399 348
1481 501
1482 271
1483 5
1484 314
785 251
1485 8
1488 53
1489 697
30 432
1490 101
1491 29
1492 72
1493 72
1494 75
1496 11
1497 136
755 481
442 203
1498 1029
381 795
1502 1029
1504 239
1506 110
1509 231
1512 157
1513 323
1515 151
1516 15
1406 174
1520 125
1521 105
519 560
1523 546
1524 223
1525 389
1528 437
202 1273
1529 23
1530 187
1531 234
1532 350
1533 248
1534 244
1538 132
1539 462
1540 20
1144 242
594 386
1542 704
1543 1058
1544 7
1547 267
1548 477
358 370
1551 186
1553 40
1555 793
1254 312
1558 34
1560 44
1561 724
1562 1201
1563 710
1565 30
1566 86
1567 129
1569 160
1570 330
1571 463
1573 19
1574 54
1575 172
1577 577
1578 286
751 2148
1579 656
1580 461
1583 495
1586 2058
1588 128
1589 86
1590 44
1591 143
980 1104
1593 53
1594 80
1595 222
1597 646
1598 416
1604 10
1607 50
1609 255
1613 33
1616 79
214 157
1619 36
1557 829
1129 41
1622 151
1466 192
154 1204
1632 388
1633 275
1634 112
1635 168
1636 281
1638 390
1639 68
1641 72
1644 79
1645 935
1646 153
1311 987
1648 158
1649 484
1650 555
1651 170
1653 298
1654 440
1656 130
672 1743
1292 276
572 775
1659 153
1660 243
1663 967
1664 363
399 208
1665 172
1666 160
1667 492
1668 256
150 951
1670 308
1672 81
1675 13
1677 53
1678 166
1680 90
1681 13
1682 40
1683 220
1684 123
1685 168
1687 19
858 109
1689 216
1691 138
1692 165
1693 76
1696 47
1698 128
1699 72
1700 86
1702 99
1703 125
1021 919
1705 496
1706 134
1707 505
1710 28
1711 55
1712 366
1713 142
1714 447
1715 320
1716 138
1717 505
1718 949
581 481
1719 405
1721 279
1722 20
1724 711
1725 46
1728 87
1729 130
1730 43
1732 264
1733 144
138 193
1737 37
1323 91
1738 195
1739 81
506 330
1745 314
1746 141
912 291
1749 429
1750 118
1751 400
1753 37
1754 208
1755 879
1760 123
1762 453
1763 554
1764 147
1426 114
1768 72
1769 226
1770 755
1771 175
1772 148
1773 11
1774 59
1775 41
1776 132
1777 32
486 1512
1780 973
1783 65
451 2311
1451 431
1784 222
1785 155
1786 107
1787 204
1788 536
1789 106
1790 36
1791 116
1793 187
1795 273
894 135
1799 205
1800 116
1801 38
1803 91
1804 210
1291 211
512 296
818 87
1808 460
1809 337
1810 626
1811 1205
1813 71
1814 110
1815 254
1816 252
1818 57
1827 546
1830 152
1831 370
1833 227
1834 36
1835 498
1836 442
1118 594
1840 291
1841 182
1842 216
1843 307
1844 121
1847 43
1848 28
1849 30
1851 81
1852 122
1853 52
1854 58
1856 315
1857 227
543 516
719 20
1860 17
1861 254
1862 163
1863 299
851 1004
1866 190
1867 549
1868 101
1870 422
1726 434
1874 310
1876 54
1877 344
1878 346
1880 667
1883 3
1019 1071
1885 301
1231 1722
1887 298
1889 63
1890 326
1891 25
1893 6
656 634
1894 70
1895 131
1896 210
1897 89
1902 1164
427 879
1903 272
1905 29
1906 81
1907 55
1909 140
1910 441
1626 818
1913 14
1914 548
1916 91
1920 319
1921 133
132 61
1922 809
1923 75
1924 198
584 132
1927 89
1929 92
340 46
1930 566
1932 149
1933 120
1934 139
1935 189
1937 7
1355 410
1938 103
1939 944
1941 593
1943 148
1948 415
1949 199
1950 126
1951 492
1952 258
1955 206
1956 122
1671 171
1470 444
839 829
625 322
1957 640
1958 74
1796 1692
1959 206
1960 218
1961 219
1318 150
1962 18
1965 93
1966 45
1968 20
1969 361
1971 348
1972 394
1974 549
1976 253
1978 153
1979 662
1981 242
1983 258
1984 264
1988 65
1993 46
783 879
2001 174
2002 62
1629 375
2004 187
2005 154
2007 52
1239 214
2008 120
2009 170
2010 233
2013 59
2015 37
1086 835
2017 377
112 693
2020 123
395 304
2022 61
2023 78
2024 110
339 121
2027 691
2028 315
2030 370
1767 109
2031 153
2033 172
2037 299
2038 21
2043 460
2048 668
2049 542
2052 64
2053 30
811 247
2056 192
2057 117
1839 238
2060 35
2061 203
2062 611
951 76
2064 59
2065 56
2066 86
845 179
549 130
2068 199
2069 34
2072 722
2073 196
1812 390
2076 49
2077 34
2079 429
2080 95
2081 100
1380 1419
2083 121
2085 194
683 270
2088 166
2089 410
2090 104
1142 555
2045 371
2094 1097
1582 77
2096 412
2097 43
408 201
2098 64
2099 192
2100 176
2101 357
2102 99
2103 71
2105 45
2106 48
2107 84
2108 17
2109 303
2110 417
186 214
1655 212
2113 43
2114 306
1425 1636
2115 413
2118 323
708 156
2121 225
2122 455
2123 39
2124 246
2125 218
2127 262
2129 32
2132 372
2135 246
2137 57
617 812
2138 300
2140 192
2141 70
2142 139
1601 78
2148 112
2152 86
2155 6
2158 366
2159 87
443 167
2161 240
318 1131
995 68
2050 139
2162 12
2163 34
2164 77
2165 1277
1679 321
2168 628
2169 239
2170 37
2171 288
2172 109
2173 92
2175 36
2176 235
2177 88
2179 122
2180 201
2181 450
2182 104
1627 222
2184 14
2186 91
2188 22
2189 436
2191 255
2192 92
2194 568
2195 269
1736 854
1838 562
2196 68
2200 258
2201 41
2202 332
2203 133
2204 107
2206 579
2208 163
2209 125
2210 135
2212 15
2213 367
720 464
2217 63
2178 1002
2218 369
2219 67
2220 318
2221 94
2223 48
2225 1287
2226 17
2228 783
2231 15
2232 396
2233 360
2234 134
2235 319
2236 52
1514 218
2238 74
2240 13
2243 295
660 960
1781 129
2245 196
2246 39
2247 517
2248 163
2249 30
2250 78
2128 1326
2251 110
2256 358
2257 93
2260 138
312 840
2262 43
2264 416
2265 25
2266 69
2267 220
2268 245
2269 11
2271 274
2275 414
2276 115
2277 75
1669 560
2281 134
795 457
488 316
2284 114
2286 8
2120 119
2287 62
1448 709
1620 136
2289 219
1094 540
2291 537
2293 99
2295 193
2297 501
2299 248
2300 54
962 572
341 91
2302 59
324 632
2304 165
2305 180
2150 868
1419 701
968 1582
2306 247
1572 154
1501 363
1545 1213
2308 566
2310 268
2312 369
2314 43
1328 490
2317 70
2319 98
2320 136
2321 198
2322 143
2323 189
2324 57
2327 714
2328 20
1752 237
2330 99
2331 99
1038 125
2334 112
2335 155
779 526
2337 520
2339 900
2341 289
2343 144
807 203
2344 228
2345 315
2346 106
2351 623
2352 117
2353 112
2355 114
2356 85
2359 41
2360 629
1743 1321
2361 25
754 190
2055 670
802 84
2364 246
2366 48
695 137
2367 180
2368 92
1404 804
2371 103
2373 306
2375 38
2207 84
1559 484
2376 286
2377 417
1761 483
1652 403
2379 44
1207 1389
2381 198
2382 355
2258 302
2386 82
2387 187
2388 331
2389 37
2390 212
2126 337
2393 343
1340 36
2394 131
2395 96
2396 229
2400 73
2402 408
2404 762
2405 419
2406 181
2409 270
2412 16
1177 26
2413 178
2416 56
2417 27
2419 59
2420 283
2421 463
2422 104
2423 377
2424 63
2426 143
2430 177
2431 180
2432 761
2433 104
2435 119
1581 37
1554 69
2438 254
2439 155
2440 311
2443 201
2444 63
2447 162
2448 71
2451 552
2453 74
1444 21
2455 177
2456 202
483 490
2461 100
2462 216
2463 66
2399 617
2465 379
2370 1254
2466 114
2467 13
1522 769
2468 170
2469 179
2470 293
1139 644
2471 155
1720 166
1465 239
2475 409
2477 161
2479 99
1401 1523
2481 142
2482 5
2483 541
2484 220
2487 379
1517 421
2490 91
1734 469
470 387
2491 124
231 198
2492 178
628 207
2493 195
886 37
2494 13
1964 669
2496 630
2497 23
2311 97
2498 34
2500 270
2502 47
2197 213
1735 173
2112 488
2504 157
2506 69
2507 53
2512 115
1892 104
2513 138
2514 72
2515 222
2516 104
2517 256
2520 64
2521 192
1083 72
2522 55
2525 133
2528 468
2529 102
2530 263
2532 64
2534 364
2354 372
2537 239
2539 6
2540 100
658 102
2544 71
2546 294
2549 82
2551 337
2552 229
2273 287
2555 417
2556 124
1723 205
2558 91
2560 207
2561 18
2562 98
2563 160
2564 71
2565 112
2566 7
2567 117
2568 5
1925 62
2408 469
793 370
1385 178
2571 89
2572 201
2574 212
2579 159
2581 304
2586 230
524 358
2587 499
2588 431
2590 335
2591 60
2592 17
2595 13
2596 27
2597 186
2599 73
2600 256
2601 66
1304 140
974 229
2603 634
2604 579
2605 254
1944 291
1155 1203
2607 203
1928 248
2609 92
2610 29
922 230
2611 69
2612 112
2613 118
2614 247
2616 41
2617 225
2618 91
1617 512
2621 595
2623 368
2624 12
2627 130
2631 112
2633 484
1446 554
887 635
2639 547
2640 289
2641 81
2642 71
2643 121
2644 76
2645 318
676 540
2647 443
2649 274
2650 108
2651 233
2652 304
1243 85
2654 51
2657 121
2658 114
2659 56
1116 98
2660 359
2662 227
2663 312
2508 78
2665 238
1603 249
2666 193
2667 495
2669 227
2673 472
446 166
2674 202
2675 118
2676 245
2677 17
1886 51
2679 490
2680 286
2681 83
1035 559
2682 1242
2683 332
2685 107
2686 140
2290 41
2687 139
1370 216
1135 134
2690 10
2691 70
1747 232
2693 68
2280 190
2694 521
224 383
2697 99
835 1725
2699 44
2700 140
2701 152
2702 190
1089 366
2705 64
2706 9
2707 26
2708 456
2710 83
1621 273
1985 877
2713 240
2714 181
2715 88
2720 162
1518 638
2721 211
2722 121
2724 222
2725 680
2726 222
2296 128
1625 166
1829 684
2730 151
2732 124
2733 553
2734 28
1389 85
2737 336
2739 135
2740 35
2418 78
2741 67
2742 112
2743 624
2744 182
2745 99
2747 125
2748 46
2749 66
2750 162
889 260
854 128
564 622
2752 232
2753 11
1821 170
2754 217
1822 124
2309 144
2380 142
2756 208
2757 160
2760 388
2763 194
2765 48
2274 348
141 64
2766 149
2767 139
2460 316
2769 248
2770 103
2772 737
2773 78
2441 366
2774 662
2167 141
2775 57
2780 18
2783 79
2786 60
1541 220
2790 260
2791 15
2792 123
1252 191
2793 69
2795 178
2205 205
2536 107
393 233
2799 159
1184 1046
2800 64
2801 47
2802 119
2804 424
2805 358
2807 65
1156 83
2808 123
2810 19
2812 184
2813 81
2814 328
2554 133
2815 36
1742 350
2817 100
2818 52
2819 107
2821 10
2823 21
2824 91
2826 129
2828 237
2829 160
2830 56
1319 707
2796 472
2831 134
2832 172
2834 74
2836 122
2838 44
95 500
2839 301
2841 298
2342 280
1454 571
2843 239
2844 45
2779 323
2846 22
2849 38
2851 47
2852 138
2307 567
164 194
2854 129
1486 448
2857 61
1915 658
2860 305
2776 484
2864 40
2866 779
2689 99
2867 328
2870 68
2871 51
2872 134
2874 682
2876 335
2877 288
2879 181
1602 234
1820 170
2881 427
2883 21
249 302
2473 145
2884 188
1995 164
2887 642
2888 61
2889 80
6 549
2891 22
2892 399
2893 89
2894 346
2895 237
2896 143
2897 83
2898 16
2899 122
2901 189
2727 155
2904 87
853 50
2905 122
2906 771
2907 135
2908 43
2909 12
2910 81
2912 17
2913 312
2914 34
2915 222
2372 140
2916 353
2259 608
2917 76
2918 167
2919 55
2920 260
2922 216
2925 82
2926 66
1536 125
1872 732
2927 133
1148 731
2928 74
2929 67
1151 322
2930 470
2931 190
2933 20
2935 18
2936 231
2938 289
1324 190
2348 375
2941 358
2524 125
2942 46
2945 88
2755 141
2946 37
2953 17
1422 86
2961 101
2962 57
2963 110
2964 169
428 659
2968 19
2071 105
2969 433
1384 391
2971 10
2972 75
2973 91
1260 331
2948 207
2974 107
2976 157
2977 126
2978 163
2980 156
2981 98
2983 71
1643 232
2984 60
2986 162
2885 474
2988 117
1741 206
2989 4
241 66
2459 149
2991 57
1802 310
2993 106
1221 333
2995 281
2997 12
2998 172
2855 66
1414 54
3001 69
3004 31
3005 111
2397 573
3008 51
3009 159
3010 483
3011 238
3013 388
2018 391
3014 136
3015 329
3016 216
3020 217
2458 36
288 535
3022 277
2145 662
3023 149
3024 162
3026 168
3027 283
3028 193
3029 262
3030 111
3031 18
3032 146
3033 85
3035 94
3037 537
3038 164
3039 366
3040 271
2067 189
632 669
3041 116
3042 466
3043 52
3045 39
3048 59
3049 29
3050 282
3051 470
3052 54
3053 196
3055 47
3057 57
3058 266
3059 37
3060 108
3061 12
3062 129
3063 54
3064 441
3065 102
3067 52
1792 251
3069 327
3070 129
3071 340
3074 354
2318 353
3079 201
3080 249
3083 124
3084 248
1002 869
3085 111
1708 534
2777 256
3092 123
3097 135
3098 555
2542 74
2827 156
3099 210
2924 39
3101 110
3103 256
2762 595
3105 45
3107 55
3108 291
3082 288
2214 39
3113 169
3115 28
3116 45
3119 76
1237 259
1063 52
3126 21
947 865
3129 216
3130 173
3131 16
1798 147
3133 27
3135 48
3138 91
3140 158
3141 59
587 245
3142 128
3046 147
3144 37
3146 125
3147 18
3149 36
3150 48
3151 39
3152 78
1945 273
3154 227
3155 61
1200 148
3156 82
3157 27
3160 168
3161 146
3163 112
3165 171
3076 233
1826 301
3166 67
1704 201
3168 179
3169 67
3170 36
3128 107
3171 87
3172 70
3174 324
3176 166
3179 260
3180 247
3181 157
3182 7
3183 78
2091 56
3184 62
3186 67
977 528
1606 52
3191 73
3192 222
2130 203
3194 74
3195 284
3196 355
3197 112
3199 57
195 848
3200 282
3201 79
3202 134
3203 315
3205 81
3206 44
3207 84
3211 234
3212 396
3087 72
3216 162
3218 46
3219 171
3221 386
1846 228
1138 219
3224 435
3226 349
3227 149
3229 25
3231 25
3232 24
3233 482
3234 136
3235 558
3236 85
3239 45
741 367
3241 101
3243 112
1899 217
3244 90
3246 398
666 769
3247 52
26 100
3251 50
3252 199
3253 63
3254 59
3255 111
3258 300
3262 247
3264 58
1180 359
817 122
3268 5
3270 180
3271 159
2626 309
3274 83
1054 241
1320 529
3277 31
3278 69
2608 129
3283 121
2144 502
3284 139
3288 202
2222 373
3289 56
3291 20
607 255
2862 86
1093 239
723 305
1289 378
3296 253
3297 250
3299 58
3300 6
263 273
2036 434
3301 272
376 506
3303 29
1618 468
702 138
2374 247
3307 479
1186 370
2131 404
3308 104
2357 204
3309 99
1189 570
2696 76
1931 370
3311 119
3281 394
3312 243
868 146
3313 92
3314 167
2764 577
3316 54
3317 23
2119 530
3321 240
3322 208
2688 129
3323 18
3326 191
3328 133
3329 339
3334 19
3335 124
3337 160
2850 277
3340 104
1508 643
2731 66
703 112
737 250
3164 37
3345 45
1428 154
3348 44
3349 33
3351 558
3352 68
1765 281
3353 22
3356 221
3359 170
3361 371
2653 140
3365 101
3368 71
216 102
3369 277
597 268
3370 3
3371 61
3372 93
3373 63
3375 40
3376 209
3377 197
3378 10
3379 182
3380 45
3381 91
3382 78
3384 18
3386 78
3387 266
2785 92
3391 167
3392 71
2051 222
3395 6
3397 58
3398 94
3068 158
3401 79
3402 95
3403 165
3404 107
3406 118
3408 234
1143 61
3410 49
3411 164
3412 127
3414 383
3415 202
3417 32
3419 111
3421 75
3422 53
3424 109
1998 257
3425 573
609 475
3429 76
3430 230
1990 765
3431 133
3432 166
3433 193
3336 269
733 247
3436 87
3437 25
3440 121
1647 147
2446 106
641 154
3442 19
3443 21
3445 532
3446 88
3448 49
3449 125
3450 92
3451 126
3453 39
3454 113
3456 104
3457 88
3458 119
3459 57
3461 193
2407 78
3462 29
3463 88
3465 127
1845 231
3468 15
1610 242
770 137
3470 55
3471 36
3473 37
2999 458
2505 160
1047 429
3477 433
3478 49
3480 90
3475 501
3482 34
2575 347
3484 269
3485 125
3486 19
3487 39
1058 109
3488 34
3012 272
3490 471
3491 34
3492 113
1576 1194
1864 280
3496 88
3497 253
3498 243
3499 91
3500 72
3501 20
2230 468
3025 151
3503 12
3504 207
2042 312
3506 38
3331 116
3508 35
3509 189
3510 76
3399 158
1084 175
1100 132
3516 239
1778 116
3518 50
1080 71
1871 123
3520 1205
3178 61
3522 113
3524 151
3525 263
3526 170
3527 150
3528 168
3529 298
3530 112
3531 203
3532 40
3533 233
3534 72
3535 169
2384 199
3536 128
2845 148
3537 35
3539 175
3540 263
3542 42
3280 22
3543 51
852 576
477 48
3545 19
3546 44
3548 180
3550 67
1294 199
3552 58
3554 295
2241 382
3557 158
3558 41
3560 279
3561 40
3563 57
3564 47
2472 198
1077 153
3237 207
3565 424
3568 367
2994 52
3571 68
3572 69
3574 121
3575 85
2559 190
3576 94
1686 154
3577 532
3580 51
287 43
3581 161
3582 75
1756 47
2578 138
2950 366
2365 86
3584 172
3585 190
3586 91
3588 148
2533 205
3590 195
3591 85
3593 45
3594 62
3596 77
394 411
3597 26
3598 19
3599 268
3600 71
3601 24
3344 227
3603 542
1457 61
3360 189
3609 9
2979 305
3610 230
3611 413
3612 128
3220 93
3614 24
3159 293
3617 169
3618 90
3619 17
3620 61
3621 32
3622 276
3623 40
3626 10
3628 55
302 200
3632 54
3006 409
3635 51
1631 197
3638 151
3639 66
2634 378
3641 232
3354 195
3643 166
3645 75
3647 7
3648 40
3650 23
3651 82
3652 24
3653 110
3654 92
3656 35
2619 221
2362 167
3658 142
573 57
3659 104
3660 334
3661 114
3665 23
991 663
2040 111
3668 6
3589 159
3671 652
3674 81
2648 360
1242 177
3678 264
3679 135
3680 290
3681 79
1092 121
410 168
2975 307
3685 533
3687 297
3689 75
3691 218
3693 297
3694 22
3695 80
3696 23
2703 560
3698 23
3699 42
3701 21
3702 354
3703 42
3704 202
3714 54
3716 175
3562 237
1535 537
3721 80
1911 235
3358 107
3722 86
3723 96
3153 471
3725 24
1989 202
3109 531
3727 146
3728 49
1519 71
3730 52
3731 65
3732 82
3733 261
2970 213
1474 968
3736 605
2716 515
3737 56
2270 142
3738 111
2863 567
2187 288
3364 56
1356 239
3741 35
3742 17
3743 80
1859 364
3744 34
3745 123
2903 35
2778 26
3746 87
3747 48
3749 140
2006 69
3750 155
1045 163
3630 124
3755 67
3756 37
1070 186
3758 125
2939 458
3396 283
3764 63
2882 337
3766 7
3767 63
2788 89
3768 21
3769 150
3771 18
2415 22
3772 401
3773 69
3774 200
3776 13
3777 51
3780 96
513 108
3781 110
3783 187
3784 16
3788 55
3790 193
3793 176
3795 134
716 84
3796 176
3798 256
3799 29
271 353
3801 66
3804 74
3807 137
3809 308
3810 170
3812 22
3815 45
3502 95
3818 222
3604 253
3820 32
3821 11
1807 519
3822 85
3824 35
3826 72
3828 233
3830 353
3832 80
3833 52
1338 963
3838 57
3839 18
3840 29
3841 25
3844 95
3845 237
2035 169
3846 38
3847 51
3267 21
3017 339
3849 32
3850 79
2949 56
2452 217
3036 175
3855 52
3464 215
1869 158
3860 62
3385 167
3511 135
3863 45
3864 20
3865 53
3866 165
3867 174
1828 242
2437 739
3870 91
967 841
2032 210
3875 32
1662 215
3876 233
3306 75
3877 267
3878 29
409 146
3880 103
3882 33
2853 247
3885 68
3886 143
3888 43
3889 154
3890 54
1487 135
3891 168
3892 53
3893 22
3894 9
3896 183
2410 319
3898 114
3899 18
3476 464
3903 13
3904 83
711 197
3912 77
742 175
3917 19
3918 33
3920 113
3921 32
3923 74
1688 441
3925 37
1992 155
3928 246
3931 38
3932 62
3934 82
3906 297
3936 15
3937 21
1226 277
3938 105
1805 225
3940 29
3765 401
3214 188
1900 453
3941 23
3190 663
1825 56
2784 15
3942 37
3945 110
3003 102
3946 63
3947 176
3948 261
3949 251
3953 134
3954 42
2084 296
3955 183
3956 251
1462 401
3958 106
3962 61
3964 40
3965 385
3966 277
3968 142
2288 511
3971 59
3972 339
1879 174
3975 106
3977 69
3712 40
1211 1306
3980 26
3981 199
2134 106
3984 229
3985 36
3986 209
3987 153
1695 58
3989 126
1630 218
3996 108
3997 407
4000 75
4001 108
4002 280
1229 120
918 884
4006 322
2279 139
4007 75
4008 446
4011 39
2509 325
2476 99
4014 230
3718 190
4017 54
3388 529
4018 16
1480 110
4020 27
4022 61
3366 132
4026 108
2806 96
4027 67
4028 261
3835 121
4031 277
4032 14
4033 214
4034 6
4036 43
4039 49
4040 127
4041 120
1222 363
2557 590
4044 86
4046 51
4048 8
2338 370
1333 79
120 213
4050 5
3054 245
4052 139
4053 33
4055 11
4056 152
2620 47
4057 57
4058 31
4051 173
4059 35
4060 34
4062 150
4063 90
4064 43
1109 248
1288 393
4066 80
2833 207
4070 158
4072 32
4073 205
4074 45
4075 72
4078 90
4079 47
4080 146
4082 89
2383 164
3854 139
4086 105
4069 122
4088 46
4089 115
3263 115
4090 54
2628 92
1608 180
4091 80
4092 132
4095 45
4096 321
4098 214
4099 69
4100 78
3089 75
4102 14
3086 138
2635 75
4107 238
4108 153
4109 159
4110 94
753 441
4111 195
4112 53
1357 48
4114 142
3293 223
4116 14
3513 210
4117 48
4118 97
4121 9
614 229
4122 36
2655 32
2670 305
4128 60
3363 627
3256 83
4131 128
4132 238
4133 49
4134 104
4138 53
405 244
4143 70
4144 77
4147 87
4148 36
4149 13
4150 40
1507 91
4151 97
4153 262
4154 11
1766 94
4156 197
4160 85
1898 155
4161 79
3204 333
4164 51
4166 366
4167 58
4168 60
956 621
4171 58
3248 233
4176 19
4179 97
4181 94
4182 302
4183 120
4185 19
4186 17
4188 52
4189 100
2003 422
4191 197
2263 24
4192 14
4193 37
4194 15
4159 87
4195 114
4197 320
659 166
4198 21
3642 103
4200 32
3044 263
4201 73
3479 413
2820 300
4204 27
4206 633
4207 62
4208 480
2943 25
2104 148
3077 315
1051 173
4211 33
4212 35
1757 103
4214 29
3983 210
402 107
4216 32
4217 21
4084 53
4219 49
3646 357
4220 295
4222 28
1881 75
4223 158
4224 69
4227 129
2333 197
4229 194
4230 160
4231 176
1438 187
3145 195
4233 423
3710 81
4237 11
1065 457
4239 8
4240 111
4242 82
4243 25
4244 55
1313 143
4246 20
4247 93
4249 9
4253 145
4254 24
4255 43
4256 283
3993 151
1612 207
4258 77
3852 55
2215 261
1420 165
4260 157
4261 16
4262 68
4263 277
4265 46
4266 144
3979 59
4267 78
2237 279
2580 24
1479 116
1195 197
4271 34
4272 97
4274 28
4277 39
3819 161
4278 74
3304 120
3633 165
4281 50
4035 87
4284 198
2499 204
4286 59
4287 52
4288 20
3333 98
1674 564
4289 127
3523 54
4291 320
2856 211
4292 180
4293 108
4294 47
4295 70
2902 236
3106 146
4301 187
4303 58
4305 128
548 208
4145 184
4310 256
4311 473
4312 22
1495 68
4313 172
4317 22
4320 138
4321 93
4323 87
4324 135
4325 166
3960 149
4328 128
3587 56
1967 104
4330 47
4332 248
252 359
4333 116
4335 17
4336 68
4337 30
1503 147
4340 310
4341 9
4343 303
4344 97
4345 31
4348 61
4349 224
4350 128
4126 95
3136 109
4351 57
4353 61
4355 309
975 92
4356 28
4358 184
1758 164
4360 81
4361 7
4362 340
4363 101
3634 377
2239 153
4368 37
4369 239
4371 75
122 296
936 125
4372 163
4373 8
4375 47
4377 59
4378 38
4379 90
2174 433
4382 156
4386 20
4387 136
4389 27
1402 475
4391 40
4392 155
4393 17
4394 133
4395 26
4397 47
4398 49
3223 216
4399 114
4125 66
4400 14
3708 116
4403 72
4404 181
2425 95
3897 54
4407 56
4409 289
4411 65
2835 373
4414 15
4415 43
4417 78
4418 240
4419 18
4420 80
826 258
4422 206
861 115
4426 186
4427 209
1467 244
4428 123
1596 217
3887 390
952 204
4431 190
964 158
4432 31
4380 68
4434 68
4435 24
4436 204
4437 77
4438 167
1078 22
1986 208
4440 215
4442 116
4443 59
4444 11
2449 57
3939 94
4445 37
4448 69
4449 116
2934 175
4385 234
883 163
3762 112
3914 23
4450 18
4451 167
1241 195
4452 62
3292 205
3907 206
4455 20
3148 255
4456 21
4457 10
4458 14
4459 133
4425 122
4461 6
1975 12
4463 10
4464 55
4466 72
3739 143
4468 149
4469 63
2011 98
400 432
2985 149
4470 61
4472 123
4474 12
4476 109
1527 415
4477 36
4478 61
4479 64
4480 11
4482 18
4485 65
4489 21
4490 19
4491 242
4493 105
2117 271
1440 549
4495 18
4496 35
2664 107
4497 10
4498 234
4499 17
4500 79
4501 47
4503 54
2861 287
3705 113
4505 70
3673 166
4465 124
4506 40
2684 695
1936 110
3690 466
4509 65
4510 113
3426 392
4511 30
4512 33
4513 62
1336 109
4515 161
4516 264
4517 51
2798 117
4518 54
4521 120
1873 134
4523 123
1642 254
4524 331
4526 21
4528 17
616 308
3483 245
4226 227
4532 44
4533 24
4396 334
3021 75
4536 188
4390 40
1373 270
4540 188
828 686
4542 28
4543 90
4544 40
4547 60
4549 367
1040 171
4550 8
3444 40
4553 51
2982 65
4554 35
2092 97
1358 123
1230 115
4555 69
4558 134
3324 254
4559 14
4562 97
4563 180
4565 74
1400 145
3416 214
2000 153
4568 88
4571 74
4572 244
4574 49
4083 264
2034 105
4576 122
4577 70
3613 237
4579 20
4580 77
4581 205
3644 246
3629 100
4582 29
4583 163
3260 233
3213 174
4492 342
4587 68
4588 97
4589 138
901 469
4591 4
4594 59
1421 120
2602 205
3607 65
2923 148
4597 169
4599 17
4163 176
4603 70
3215 58
4604 207
4605 50
4606 160
4607 326
4318 17
3469 59
1977 26
4610 117
3193 85
4611 15
4612 84
4613 31
2489 116
4615 5
4617 140
4618 36
4619 93
3970 238
4621 142
2316 24
3428 284
4596 374
4624 33
4626 132
4629 84
4631 80
4633 53
4635 51
4636 45
4637 334
3786 183
4094 171
4640 16
2698 387
4552 338
4643 100
4645 26
2436 77
2593 162
4646 107
4647 64
4649 215
4651 129
4652 11
4655 23
4657 199
2242 146
4658 32
4662 115
3935 49
4656 76
4665 64
2527 173
4666 40
3100 115
4668 22
4672 17
4673 61
1132 148
4675 34
4676 95
1390 98
4678 81
4680 91
4142 435
4682 66
4683 280
4684 20
2965 51
4172 145
4685 18
4005 14
4686 185
4688 190
3759 26
4689 77
4694 256
715 118
2511 62
467 354
4697 41
1375 320
4700 195
4703 90
3602 131
1537 158
1293 6
4707 8
4708 140
4709 18
4710 19
4711 12
4712 20
4714 14
4585 397
4715 88
4718 51
4719 47
4720 10
2454 679
4722 68
4723 6
4531 221
4726 17
4727 140
4728 27
3472 76
4730 31
4731 14
4732 35
4733 49
668 223
4735 17
4232 11
4736 98
1947 87
4737 202
4115 69
4739 631
4740 50
4741 90
4742 206
4743 5
4745 29
2294 58
4314 73
4384 60
4749 34
4750 149
4751 114
4752 35
4753 278
4756 31
4642 47
3911 73
4759 23
2937 135
4638 194
4760 226
4761 55
4763 38
4764 304
1317 72
493 540
4556 42
4766 78
4768 16
4769 71
4770 14
3495 153
4771 35
4774 48
4113 77
4776 57
4777 8
2254 178
2358 103
4778 39
4780 103
3605 70
4783 194
4202 12
4729 91
4784 40
4785 5
4787 64
4788 69
3242 732
4789 16
4791 109
4792 23
4794 190
4796 79
4304 76
4800 27
4802 115
4804 64
4754 231
4805 7
4806 54
4807 69
4808 99
128 114
4290 133
4810 45
4811 35
4812 97
4813 195
4814 60
4817 73
4818 81
4819 159
1759 257
4820 161
4821 224
4822 154
4824 76
4830 61
4832 27
4833 31
4835 7
269 265
3435 146
4837 34
4838 129
4841 84
4843 264
4844 427
4845 124
4846 46
2047 168
2193 205
4849 38
4124 20
4852 54
4856 29
4858 79
4861 162
4863 46
4864 22
4867 132
4009 52
4870 16
4140 167
4871 165
4634 54
4872 164
4874 165
4878 54
4880 13
4883 113
4884 147
4410 30
4025 16
4886 31
4887 30
4888 52
4889 19
4548 337
4891 79
4892 18
4893 110
4663 466
3559 63
4899 272
4900 72
4600 344
3175 98
4901 55
2875 29
4903 340
1973 191
4905 214
4906 27
4907 94
1884 88
4908 131
4909 61
4910 124
4911 60
4913 119
4914 4
4916 58
4917 62
4919 133
4602 197
4306 123
4920 88
4922 6
4923 40
4925 99
1238 81
424 185
4927 56
3489 10
2445 135
4929 43
4931 83
4932 39
4933 215
4934 31
4936 229
4270 349
4938 171
4939 83
1987 156
4941 51
4942 92
4945 161
4946 131
2044 261
4949 133
4950 315
4951 268
563 190
4952 81
4954 85
4307 94
4958 39
4959 48
4960 30
2329 396
4963 168
2746 47
2149 262
2719 71
4965 47
4725 191
4968 69
1637 123
4970 42
4971 44
4972 33
2464 109
3094 76
4584 83
4346 65
4974 59
1624 52
184 47
517 195
4976 37
4977 58
4979 59
4981 5
3926 91
4983 77
1599 143
4985 55
4816 91
1295 65
2401 112
4989 33
4990 74
4991 54
4992 20
4993 289
4401 53
4994 189
2816 103
4997 10
4998 24
4999 143
5000 28
5004 33
3640 175
5006 96
5007 166
5012 15
1017 261
4339 110
5014 141
5015 72
5016 82
5017 37
5018 102
3167 94
5019 170
5021 52
3871 206
5024 10
5026 165
4077 23
5028 6
3208 89
3538 166
5030 110
5032 185
5034 56
5035 10
5037 30
1085 89
5039 10
4331 76
5040 20
3627 62
4502 223
2414 261
5041 68
4793 191
4135 181
5045 88
1013 262
5050 101
5051 77
5052 50
5054 120
5055 58
3047 86
5058 114
5059 130
5060 117
5062 54
5063 109
5064 58
5067 49
5069 60
5071 49
5072 119
5073 78
5074 165
3569 221
5078 78
5079 56
2944 143
3922 97
5080 18
2794 323
4141 83
5081 21
5082 220
5083 20
3874 35
5085 8
2391 151
5086 72
3929 119
5088 123
5089 67
5090 7
1587 143
5091 52
4876 189
4030 112
2822 196
5068 127
5095 184
5096 25
5097 12
4560 164
5098 121
5100 54
3474 23
5102 110
5103 16
4054 96
5104 49
5105 29
931 233
1901 304
3794 193
4831 248
5106 155
5110 140
5111 95
5112 117
5113 34
5114 18
3158 325
3310 65
5117 12
84 163
5118 51
5120 18
3943 136
5121 58
2954 71
5123 29
5124 153
5126 22
1855 87
1284 126
5128 29
5129 38
3856 150
1615 177
4187 275
5131 10
5133 86
5134 52
5136 38
5137 18
5138 27
5139 198
5140 124
152 81
5149 22
4823 286
1585 187
4162 228
5151 154
5154 57
5155 138
32 58
3663 99
5157 51
5158 29
5159 101
5160 16
5162 100
2325 163
5163 62
997 154
5164 113
4744 204
5166 26
5167 56
259 327
5168 31
5171 139
4564 213
5172 181
3649 63
5173 88
5174 65
5175 4
3944 15
5176 65
5177 116
5179 38
5180 13
5182 84
5183 52
5185 26
5186 51
1940 47
4259 109
5188 35
5189 84
2880 93
5190 53
5191 89
4146 82
2576 32
5193 28
5194 114
3861 82
5195 54
5197 101
1403 73
5200 22
3666 71
5202 4
5203 7
3817 76
4967 32
48 270
1690 179
5207 21
5208 43
5209 41
5210 210
5211 139
5212 94
3677 48
5213 150
4013 168
182 172
3350 167
5219 271
5220 46
5221 511
5223 204
5161 34
5225 25
3374 322
5227 15
2921 116
5230 47
5231 46
3900 81
5232 21
872 259
926 66
4590 136
5234 41
4087 76
5236 97
3512 78
3578 307
5238 101
5239 25
5242 189
5243 12
5246 192
5247 18
4169 27
5248 57
3266 103
5250 104
5252 50
5253 33
5254 77
5256 102
5257 247
5258 40
5260 39
5261 31
5266 53
5267 53
5268 4
5269 268
5270 49
1996 252
5277 7
5279 142
1059 131
5280 22
3124 70
5283 46
5284 15
2285 222
5286 32
4836 67
5287 69
4748 54
5288 91
5289 18
5291 116
1661 421
2758 124
5292 56
3592 360
5293 114
5294 41
5296 211
1917 257
5297 61
3636 412
5299 148
1970 178
5300 53
5301 94
5302 3
2803 168
3785 120
5303 27
5304 27
5306 35
5307 45
5308 58
5309 173
4097 12
5310 31
501 325
5311 96
4529 48
5312 54
2859 97
3394 69
5313 27
4765 190
4877 89
4175 130
4690 147
5271 62
786 125
3717 52
5314 149
5315 20
4747 158
3447 208
5320 9
5321 19
5322 21
413 141
5324 10
518 415
4839 50
4534 90
375 127
5325 341
3298 63
5328 12
4173 46
3493 114
5329 76
5330 59
5331 65
3290 138
5333 17
3339 212
5335 57
5336 89
5001 79
5340 17
3075 353
1499 173
5344 10
5345 24
5346 14
2261 129
5347 28
5348 9
5349 82
5351 58
5352 73
4302 30
3553 55
5353 80
5359 98
2629 93
5361 30
5362 14
1203 54
1158 36
5364 71
2283 47
1266 95
5365 39
3121 230
2082 326
5370 173
5184 189
5371 109
5372 140
5373 17
5374 67
5376 5
5378 122
5379 75
2671 155
5380 359
5384 19
4347 307
4781 54
1505 101
4695 19
5388 16
2538 64
4235 32
5395 49
5396 136
4221 195
3789 71
3805 120
5397 71
5398 93
5399 87
5400 17
840 42
5403 96
5404 86
2723 178
3729 123
910 76
5406 149
5407 37
3007 70
5408 220
3787 39
3967 52
5410 52
5411 148
5412 53
5413 29
5414 37
5415 65
4953 43
4279 108
5418 133
5419 25
5048 227
5420 71
5421 41
1953 104
4762 84
5422 49
5423 50
5424 113
5425 52
2147 213
5426 106
5334 260
4546 177
5428 109
5429 17
5431 95
620 83
5433 32
1556 301
5436 70
4623 178
5439 68
1697 305
1858 59
5440 19
5443 77
5444 30
4269 185
736 179
5446 61
5447 17
5450 32
5452 42
494 249
5455 102
5456 14
5457 143
5459 209
5460 15
766 156
3667 240
5463 42
5464 92
3455 205
4322 31
87 104
5465 35
5466 108
5467 57
5469 11
5471 47
2216 88
5472 14
2398 81
5474 28
5476 49
5478 55
5479 38
3556 65
4405 233
0 125
5481 14
3706 60
510 106
5005 23
3752 45
5482 38
2952 157
5484 11
5485 57
5488 189
5490 133
5491 38
5493 61
5494 27
5496 83
5498 33
2585 27
5499 5
5501 181
3713 255
2842 170
5503 55
5505 8
5508 59
5509 126
5510 36
3338 494
2781 87
893 29
5514 21
347 149
3521 162
5515 6
5516 76
5517 47
4439 89
5518 32
5519 21
1676 75
5521 35
2087 52
5523 93
5525 100
5526 8
1797 162
4539 60
5527 106
5214 34
5382 87
4687 207
648 132
5530 52
5141 239
5534 112
5535 95
3318 120
5077 139
5538 29
5473 48
2229 164
5539 84
5438 281
5130 137
5542 27
5543 9
5545 214
5546 15
5547 26
5548 28
4430 403
5550 96
4199 94
1330 238
2531 140
5553 5
2151 106
5555 46
5556 139
3990 54
5558 19
5560 68
996 106
5561 131
5563 121
4366 263
5565 39
5566 114
5569 70
5570 14
5571 32
5572 102
5573 22
5181 162
5574 20
5575 122
5576 57
5143 19
5578 25
5579 18
1918 63
5480 81
5581 20
1315 98
2054 467
5375 102
5584 17
5586 131
2021 69
1417 174
4573 110
5590 95
5591 54
3719 135
5595 75
5597 20
5598 46
5599 43
5601 46
5602 28
5264 216
5606 145
5607 133
5608 8
5609 27
5610 17
5611 71
5612 132
5613 42
5614 59
5615 9
3631 179
5617 59
2480 355
5618 14
5620 110
1137 60
4578 117
497 14
3992 175
5621 11
3002 447
5622 66
5623 141
5625 10
5627 32
5628 13
3836 215
5632 61
5633 12
5634 18
5636 117
3952 229
4620 111
5637 49
5145 302
4614 449
5642 46
5644 17
5645 256
5646 158
5648 19
5650 66
236 82
5651 60
5652 76
5654 17
5655 241
1549 73
5511 190
5658 7
5659 77
5660 94
5661 72
3467 102
5663 15
332 152
2569 80
1794 78
5671 30
5672 114
5673 66
5244 102
5674 102
5263 110
3346 403
5675 65
5677 54
5681 69
5682 21
5683 27
5685 56
316 43
4628 172
2947 137
5686 24
5687 62
5688 162
5689 24
5690 129
5692 16
5693 147
5694 53
3829 177
2427 162
5697 16
5698 84
5699 28
5700 26
3823 89
1346 67
5704 18
5705 61
5706 41
1694 180
5708 26
5393 58
5709 48
362 18
2485 148
5710 185
5713 80
4412 136
5714 4
5135 116
2541 26
5715 37
5716 90
5717 21
5718 87
5719 25
5720 29
4978 184
5721 64
5722 38
5723 35
5725 64
5726 98
5728 77
5729 52
5731 92
5733 17
2548 76
5734 25
5735 176
5736 54
5738 17
5739 56
5740 92
5742 35
4136 135
5745 84
5749 37
5259 130
5750 71
5751 162
5752 56
5298 116
5754 86
2911 15
5756 27
5757 15
5760 58
5763 34
2550 98
4402 39
5639 88
5765 101
351 171
5767 19
5769 79
5771 16
4654 196
5305 110
3287 273
5022 74
4481 67
5775 86
5776 73
4152 69
5779 68
2116 49
5583 31
5255 112
3686 88
1233 102
5780 27
5784 4
3901 18
4569 35
5786 32
5788 32
5789 97
5790 93
5791 30
5792 60
5793 126
5794 43
5795 115
5624 25
4988 70
5799 45
2392 290
5800 46
5801 102
5803 35
5804 156
5806 14
5807 129
5808 24
5809 68
5810 65
4248 30
4376 99
5812 25
5813 28
5815 52
1605 37
5816 7
5818 45
3715 58
323 19
5819 56
5821 23
5822 93
4660 221
5824 21
5826 96
4234 18
5827 61
5828 18
5829 60
4519 178
5830 51
5831 31
5833 9
5835 38
5838 53
3073 83
3692 84
5841 27
5448 124
5842 84
5843 10
5844 93
5845 14
5847 127
3811 121
5785 63
5849 16
5377 148
5850 11
5852 142
5853 3
5854 33
2789 90
5857 15
5858 27
5859 111
938 147
5860 81
5861 16
5010 78
4980 275
5865 44
5866 24
4894 43
2523 322
469 29
5868 38
5869 19
5871 12
5872 109
5874 227
3595 26
5877 62
5878 99
5881 20
5883 122
5884 26
5885 50
731 29
4713 41
3751 82
5888 15
3240 75
5889 50
299 97
2678 77
5890 14
5891 63
5893 223
5594 62
5894 77
5895 13
5897 16
3091 171
3740 134
2086 279
5898 24
5899 50
53 85
5900 16
5901 95
5902 136
3343 179
2759 141
2139 61
5434 116
5905 136
5906 42
906 63
5908 67
5600 24
5911 19
5913 14
5914 170
2332 36
5915 147
4525 264
5918 67
5919 133
5684 15
5921 31
4829 46
5923 20
5924 55
3259 42
5925 36
5927 15
3439 41
4969 138
5928 75
5929 69
2768 150
5932 153
5933 26
4557 84
5169 180
5936 184
2058 55
5937 45
5938 7
5939 8
3655 17
5943 32
2143 169
5945 71
5948 163
3700 28
5952 84
5953 12
5954 20
4724 93
5956 33
3096 78
2543 19
3341 139
5961 102
5963 70
3123 33
5966 17
5967 107
604 42
5969 14
5295 21
5970 94
824 82
5971 16
5972 48
5973 43
5974 6
5975 105
5977 11
5979 65
5392 92
5981 36
5746 116
5985 11
5647 125
5986 88
5988 20
5990 20
1875 74
4598 129
4184 60
3102 17
5386 54
2488 69
3551 146
5999 51
2510 140
5132 121
6000 20
6001 49
2738 61
6003 33
6004 112
6005 13
6008 65
6009 100
6012 61
4081 29
5432 123
3367 54
5796 80
6014 65
6015 28
636 140
5559 45
3342 115
6016 25
6017 96
972 81
6018 34
5206 129
3249 76
3427 268
6019 48
5568 62
5886 39
3950 34
6020 46
6021 19
6025 59
6026 9
6027 63
6028 56
6029 170
4174 128
2442 114
5497 40
6030 99
6031 68
2704 108
1919 40
4245 59
6033 61
6034 20
6035 12
2093 35
4429 78
6037 83
5764 114
6041 44
6042 54
6043 35
5707 39
6044 124
6047 57
5876 46
4827 45
6049 8
4276 21
2858 184
6050 43
6053 129
6056 2
6057 18
6058 92
5107 26
5198 114
6060 78
6061 39
1363 22
6062 37
6063 43
916 68
3637 41
6068 348
6070 320
1782 19
6071 13
6072 51
6073 42
6074 64
4930 62
6075 24
6076 23
6078 93
4015 338
6079 46
438 150
3806 38
1806 48
6082 26
4937 93
4758 205
3407 138
6084 331
3330 79
6086 168
5909 31
6089 30
5409 147
6091 23
2292 73
6095 34
5989 60
6097 50
6100 135
5350 12
5744 28
4561 103
6104 149
5226 28
3978 189
2584 312
6105 54
6108 6
3813 124
6109 35
1727 118
5774 58
6111 13
6112 58
6113 8
6116 39
5156 94
355 203
6118 27
5332 144
6119 37
6120 99
2956 41
6122 17
4840 43
2185 81
6125 61
6127 71
6129 44
4257 108
6131 11
6132 14
1991 112
6133 38
6099 75
999 277
2632 6
6136 83
6137 12
6138 34
6139 33
5178 130
6141 9
6046 115
6142 26
6144 17
2411 32
6145 16
6146 54
6148 29
6149 34
6151 9
6152 32
6155 27
3988 33
6158 49
6159 42
565 70
4241 66
6160 73
4433 72
2272 59
6161 48
4338 29
6162 61
3711 194
4047 104
6163 21
6164 20
4038 110
2474 53
6166 69
6167 12
6168 7
6169 43
6170 22
6171 82
3325 85
6172 46
5782 34
6174 51
6176 30
5281 16
6181 141
6184 95
2278 96
4639 56
5920 62
6189 42
6190 53
6191 73
6192 61
4326 91
6193 30
6194 39
4648 51
6197 56
6198 111
2598 116
6199 10
6201 46
5229 49
5165 82
6204 99
6205 69
1673 129
5076 158
4473 41
6210 28
6213 27
6182 84
4632 58
5567 107
6219 46
6220 105
3117 102
6221 7
6224 8
5430 92
4413 138
6227 45
6228 38
6230 64
6231 4
6232 37
5781 52
378 107
5761 78
5319 112
6236 38
4921 37
5249 86
6237 115
6240 39
5339 124
6241 32
6244 12
6245 208
6246 42
6247 4
5554 60
3748 38
6248 55
6250 53
6251 43
1640 148
1044 71
6253 23
6254 134
5272 21
5656 47
1049 8
4575 81
6260 87
6261 9
6263 7
6264 5
6265 115
6266 80
6267 75
6268 86
327 83
6269 112
6270 169
5531 199
6271 73
6272 39
925 64
6273 4
4209 173
6274 30
6275 59
3127 190
6277 26
6278 25
6279 27
621 170
6281 27
5596 26
6284 76
6096 62
3265 204
2014 101
6287 50
5475 152
2255 210
6289 4
6290 11
3688 201
4315 40
6292 37
5274 102
6295 59
6296 44
6297 16
2282 116
6298 107
745 63
6301 41
4454 28
6306 16
4298 166
6309 37
2026 158
6310 22
6308 56
5385 90
17 178
3760 33
3393 214
6314 30
6315 25
761 90
6317 33
3320 229
1837 37
6320 33
3110 98
2736 125
6323 90
6324 7
2133 89
6101 76
6327 4
4359 135
6328 30
6329 56
4494 60
6331 83
6334 40
6335 39
5846 33
2198 239
6336 12
2630 28
6338 31
6339 6
6340 234
6341 10
6343 42
2153 175
1111 195
5075 32
6349 39
6350 4
6351 62
3676 262
3305 15
6353 34
6355 68
4928 52
6359 8
6361 8
5732 101
6363 50
6364 14
2252 36
1701 80
6371 28
3682 73
6372 84
6373 108
3913 107
6374 11
448 145
6375 39
5187 27
4551 382
6378 22
6379 23
3697 36
6381 23
6382 28
6384 11
3078 55
6385 78
6388 30
6389 95
6390 108
6391 7
5417 51
6039 83
3895 86
6103 54
6393 48
3390 35
4996 64
6395 6
297 117
2190 24
2025 125
4698 14
6397 33
5982 34
6398 19
5626 89
6401 45
266 144
6402 90
6403 16
6259 39
6404 51
6406 37
3081 136
82 132
4669 130
6414 33
5797 70
3413 68
6416 15
6417 18
5940 14
6419 36
5170 30
6422 37
6424 133
5042 92
4706 117
6427 81
2059 50
6429 9
6430 32
4367 150
4023 146
5593 29
6217 123
1251 144
4902 54
6209 68
5044 41
6431 11
6432 84
6433 29
5389 22
6098 62
5477 209
6436 11
6437 62
6438 40
6439 33
6440 81
2016 39
3720 199
5338 48
6445 183
6024 22
6446 105
6448 143
2837 84
4868 45
6451 17
6452 34
5657 71
6454 97
6455 173
6456 41
5691 33
6457 57
6226 72
2070 233
6459 73
6461 42
4890 63
6463 93
6312 38
4995 194
295 240
5670 188
148 128
3726 70
6467 61
6468 29
6469 129
6470 58
6442 71
6471 16
5783 51
6473 134
3994 4
2811 65
6475 32
3724 66
5533 168
6477 22
5355 60
6478 32
6479 13
6480 6
6481 48
6482 42
6483 52
7 56
6484 82
6485 21
6487 38
5416 207
6488 18
6123 91
6492 96
2594 165
1302 189
6497 19
5976 61
6498 114
6499 18
6501 82
6502 107
4342 127
6503 8
6505 133
5522 74
6474 23
6509 15
6510 10
6511 25
6512 16
4137 74
6514 69
3837 150
3754 37
6515 15
6516 29
6517 7
6518 9
6519 18
6520 118
5093 58
6521 46
6522 102
6524 70
2063 7
6065 21
4570 74
986 60
6527 34
6528 32
4129 45
6531 16
5875 14
6533 33
533 168
6534 20
4364 74
6535 66
6536 43
5108 42
6537 13
1550 42
6434 36
6540 7
838 97
5367 88
6544 56
6545 11
3418 44
6546 9
5233 61
4158 25
6551 10
6186 141
6555 31
6556 22
6557 38
6559 36
6165 62
6326 153
6564 97
6173 33
2582 78
5864 109
909 39
6573 17
6574 18
6575 85
6117 312
6576 32
6577 18
3848 54
3250 61
6579 30
6580 55
6583 13
5910 46
6107 5
6584 15
6585 4
6587 40
6589 18
1994 162
6590 60
6591 71
6592 27
6593 94
3118 25
6594 12
4076 44
6595 34
6597 15
6598 5
4674 28
6599 68
4441 53
4483 60
5946 57
6601 95
3615 126
4705 35
6602 20
4961 75
6603 48
6606 34
6607 34
6608 101
6609 40
4738 146
6206 156
4616 58
6611 30
6612 17
1623 10
6547 30
6613 70
4170 30
3910 72
6615 45
5867 57
6617 42
6618 24
5666 67
6619 15
6392 51
5363 53
6620 16
3517 99
6399 87
6622 67
5862 76
2668 214
6441 165
748 85
6625 32
1888 37
6627 160
5696 72
6628 51
5926 71
3672 114
6632 26
6633 16
6635 32
4664 66
6291 217
6636 13
6637 8
6639 20
4157 20
3114 30
5814 68
6643 26
3441 64
5947 83
6645 38
6646 62
6648 26
3919 48
6649 46
4915 11
6651 77
3389 42
6652 24
2661 9
6653 29
6654 47
2622 35
3230 46
6656 64
6657 10
6658 5
3567 152
6660 54
6662 10
6663 29
6222 72
6664 23
6667 26
6668 21
6669 55
5541 68
6670 57
2347 37
6671 63
6672 38
1032 44
993 74
2990 108
6673 14
6367 24
5931 83
5536 106
6680 18
6681 60
3332 61
6325 27
6682 13
6683 4
6684 33
5820 59
6685 15
6686 42
6178 48
2809 131
6687 3
6688 73
6689 141
6690 17
6634 63
5462 60
373 146
6692 71
6693 106
4487 80
6695 6
6665 30
6696 36
6697 19
6302 17
6698 127
2728 140
6699 8
5056 61
6700 19
6702 37
3757 44
5664 54
6705 30
6706 6
4702 9
6707 16
6708 73
3982 30
6710 30
6712 54
6713 48
3018 20
1126 19
6134 53
717 51
6366 54
6717 19
4912 57
5825 53
257 44
5326 56
6721 128
6722 87
2729 57
6723 51
6358 27
6725 58
6726 31
6727 40
3862 11
5483 47
6730 16
2848 23
6734 87
4653 51
6735 63
797 32
6738 4
4896 237
2966 60
6740 21
5944 60
6507 177
6466 5
6742 106
6188 35
4566 143
4828 52
6745 41
6746 11
6749 43
4772 45
3019 54
4061 95
6751 19
6752 16
6754 82
6755 12
5449 200
6756 47
5638 103
6757 26
6758 76
6716 141
6760 50
6761 20
6763 74
6764 12
6765 79
6766 26
5502 30
5445 61
1832 146
1748 31
4659 33
6770 21
6771 25
950 20
6211 17
5401 97
4885 55
5887 99
6774 2
4734 259
6775 18
6776 26
6777 21
6778 14
6780 65
6781 37
6782 86
6783 26
6784 22
2672 76
4541 120
6788 27
6790 37
4484 19
4670 147
6792 40
6794 37
3869 173
4215 22
6762 52
6795 41
6796 74
6797 28
6798 28
6799 204
2029 383
6802 4
6803 58
4352 47
6804 36
6548 24
6130 9
3624 85
6805 6
6806 35
6807 19
4538 10
4042 35
6809 12
3868 77
5115 21
1817 80
6566 42
5679 140
6426 30
6813 65
6814 31
6816 7
6817 7
6408 48
6675 14
6820 14
6823 15
6318 83
6826 21
5669 38
3782 59
5935 169
6828 31
4406 92
6830 43
6831 46
6405 76
3088 98
6835 8
6836 16
1546 193
6837 17
6838 20
6491 73
2718 54
160 33
6753 69
1510 77
5758 93
5904 56
6844 49
6845 10
2577 188
6846 86
2992 74
5955 76
6847 8
6848 18
958 28
1367 6
4790 21
5942 40
6854 4
4316 43
6855 10
3908 27
6812 13
215 141
1287 30
169 177
6857 22
1458 52
6858 19
6861 72
6862 91
4370 42
2869 31
495 18
6866 32
4693 66
6867 20
6868 20
6869 15
6871 29
6872 9
6873 9
2041 78
6874 47
3608 29
1164 118
6875 84
6877 9
6878 94
6852 24
6880 31
6882 88
6883 88
6884 37
6885 11
585 190
6886 40
6887 30
5441 54
6889 51
3999 41
6890 6
6892 31
3669 131
6894 12
6896 38
6897 21
3779 69
6899 105
6489 55
6901 12
2940 58
3995 17
6902 39
5065 43
6767 54
6907 3
3842 98
6910 54
6911 19
6913 32
4699 68
6914 19
5802 118
5148 21
6915 56
6909 26
4592 118
6183 11
1908 131
6920 36
2900 107
3000 34
6294 20
6922 19
5215 32
6924 39
6925 92
4319 25
6928 6
6229 191
6932 10
6936 20
2199 80
6938 12
6940 6
6691 31
6941 10
4801 42
6943 17
774 20
6946 50
6947 26
5941 58
6948 33
2303 145
6950 8
6951 8
4545 50
6954 6
6955 12
6957 19
6958 34
6959 81
5616 113
6960 12
6961 17
3261 28
6964 14
6965 43
6968 51
6356 26
349 67
6970 13
5562 13
5577 134
627 90
6973 70
6974 56
6975 33
6978 41
4488 48
5996 71
1709 45
6953 40
6984 24
6985 8
6987 19
6988 42
4825 5
6860 84
4019 20
6991 60
6992 16
6993 13
6995 29
6996 14
6822 52
6997 18
6998 7
6085 81
5993 119
7002 81
4273 10
7003 109
7004 35
7009 78
7010 27
7011 22
7012 9
2211 134
6077 106
7013 16
7015 52
6674 20
6212 139
7016 30
4955 44
7017 43
6303 29
6465 10
1280 24
7022 6
7023 42
7024 6
7025 27
680 59
7026 37
5762 109
6977 62
7028 19
7029 174
7031 7
4755 60
5273 26
7032 47
7033 34
6818 50
7034 12
7035 67
3957 124
6115 60
6567 69
6565 10
7036 16
473 100
7037 20
896 60
7038 17
4021 89
7039 11
5839 73
1123 436
4068 81
4408 119
3675 22
7043 10
7044 15
7045 12
651 49
7046 23
7047 104
2503 42
7050 13
5122 63
866 50
7052 8
7056 3
1865 107
7057 18
1268 91
6741 41
7060 39
7061 33
5053 83
7063 4
7066 6
757 34
7068 8
7069 18
7070 16
7071 16
1584 44
7074 44
4779 78
6458 103
7077 6
7079 34
7080 7
7081 6
4782 58
7082 20
7083 27
7084 14
5880 14
7085 13
7086 16
4127 76
7087 21
2958 185
4627 176
6413 17
5755 78
7053 114
7093 54
7094 40
7095 63
7096 32
2019 16
5840 20
2340 120
7105 24
7107 30
6486 64
5537 142
7109 35
105 46
7111 45
3579 37
7112 44
7113 41
940 80
7114 20
7116 28
7117 75
4875 51
7120 7
2771 39
7121 30
5119 137
7124 28
4357 31
7126 48
2868 72
7127 12
5837 45
2385 146
1600 173
2960 40
7128 41
7129 23
3544 82
7130 11
3185 84
7131 14
7132 36
7134 40
7135 49
7136 28
7137 17
7138 41
2717 124
6994 187
7140 32
1980 82
7141 7
7142 16
7143 58
7144 114
2711 74
6316 41
7146 12
7147 64
7148 10
7149 41
7150 52
7151 18
7153 17
7156 105
4873 41
3873 93
7158 116
6428 16
3187 269
7018 87
7160 60
7161 17
7162 70
6348 37
7164 75
7166 20
5667 44
3843 31
7168 5
6299 30
7171 98
7173 23
4944 30
7174 108
4514 76
7176 25
7177 39
4897 134
6067 89
7181 22
5290 62
7182 19
7183 11
3963 142
4898 84
2996 24
7185 4
7186 4
1091 177
3808 172
7188 23
6800 29
7190 5
6724 43
7192 26
7193 41
3139 71
6059 81
6647 119
7195 33
6538 53
7196 22
7198 18
7199 34
6088 76
7201 11
2638 191
7202 42
7203 27
3951 101
7204 6
7088 49
7207 22
6588 41
7209 9
7210 19
7213 76
6313 53
7214 32
7215 34
7218 31
7219 14
7221 41
5437 122
2959 80
6990 27
2160 93
7227 13
7228 121
6196 36
7229 69
2253 45
2046 67
3770 66
6495 30
7233 71
7234 23
7235 37
6865 72
4775 42
7237 36
2797 7
6561 51
7240 40
7242 8
5922 134
7243 64
7245 25
6262 27
5711 57
5832 143
338 87
7248 48
7250 31
7251 12
6054 90
7255 86
7256 17
7257 34
7258 25
7261 7
7263 31
2951 127
7264 24
5907 64
7267 21
7270 10
3930 32
7271 43
5992 72
284 98
7272 55
3851 22
4701 30
7252 74
6644 47
7275 38
7276 12
1954 145
7277 13
7280 52
6750 89
7281 96
3881 58
3279 31
5146 34
7285 19
7286 14
7287 6
7288 29
7289 20
7291 27
815 58
4016 56
4857 50
7292 34
5442 70
1614 47
7294 25
7295 34
7297 6
7298 52
6937 106
7300 11
6850 40
7302 12
6666 29
3519 204
7306 26
7307 9
6143 153
4462 44
7308 12
7309 38
7312 35
4847 26
7314 16
7315 98
6394 97
7317 15
7318 6
7319 21
6905 45
3357 28
7321 7
7322 24
7323 25
7265 84
7325 34
7327 22
7329 19
7330 14
5665 104
4475 62
7332 10
1963 37
7333 19
3763 91
7335 33
289 31
6578 112
4527 18
7336 17
7337 28
7338 15
7339 21
7340 24
7049 41
7343 45
2695 59
5323 57
5737 15
7346 8
4803 87
7211 31
7347 59
7349 71
5390 116
7350 68
6255 12
7352 60
4250 52
7354 13
1904 94
7355 33
6377 161
7358 10
7055 34
5772 74
7359 4
7360 87
6418 15
4757 44
7361 39
6843 36
301 43
4421 104
6864 16
7076 25
1882 58
7362 8
2369 79
7364 13
1064 12
6153 63
7365 7
7366 3
7367 18
6815 215
7368 16
7369 41
7370 133
7371 37
3507 28
7372 12
7373 12
6819 50
3302 37
3162 35
5817 92
7376 17
7377 20
5265 45
7378 19
7379 27
161 61
7380 7
7381 24
7382 44
2787 69
4987 38
7383 9
7384 8
7386 34
3800 171
7388 47
4213 80
7389 50
7390 36
5811 17
7391 64
7393 34
7394 18
7396 36
7399 48
5009 31
7222 74
7404 31
7406 6
3791 152
4957 51
6080 10
5741 52
6494 56
6154 47
4045 6
7089 8
7409 20
7410 28
7374 11
3775 13
7411 32
4180 116
7418 20
5968 97
7419 13
5879 35
1997 69
7421 81
7422 13
7424 13
5199 16
2709 58
7426 6
7102 79
461 94
1500 203
1744 9
7428 18
5492 25
6769 71
4601 20
739 49
7429 86
7431 20
3872 36
2313 106
7433 11
7435 15
3362 135
7436 10
7065 60
7438 77
7439 15
7440 10
1042 62
7443 7
3961 128
4093 7
2547 13
2878 45
7446 16
7447 75
472 68
7450 34
4853 52
6736 24
7451 19
7452 5
7453 18
7454 18
7456 20
7458 16
6981 57
7459 5
743 182
7462 21
5991 15
7465 87
7466 25
2589 59
7467 12
5038 27
7469 44
7472 19
7473 20
7478 29
3209 23
4956 196
7480 14
7481 17
7417 41
7482 11
7484 44
7486 14
3515 52
6759 9
7487 9
7488 8
7489 11
4535 87
5863 130
7491 42
6568 34
7495 13
3761 223
7496 8
3257 66
7497 14
7262 86
3927 94
4530 67
6789 28
2224 36
6195 35
6743 48
3707 91
2428 108
7504 18
6102 60
4644 53
2350 16
7505 23
7506 15
6311 12
6659 74
6094 19
7334 67
3853 104
7509 27
6560 16
7510 40
1031 89
7511 15
7512 23
7119 10
7513 48
3210 12
7516 7
7518 82
7519 54
7520 50
7521 8
3137 208
4982 20
7208 76
7326 30
7526 23
5678 26
7527 23
7528 29
3494 37
1431 111
7529 27
7530 65
6856 113
7531 20
7532 25
7533 45
7534 23
4667 81
7535 45
7537 25
4423 49
7538 12
5662 37
7542 26
7543 8
7544 14
7545 7
7546 8
5228 89
3383 92
7549 34
7550 53
5196 42
4984 40
7551 24
4966 44
7552 4
7041 93
855 126
6238 111
7555 75
7556 21
7244 41
7515 7
7559 13
5544 92
3294 14
6624 63
7560 20
7561 31
7175 85
7562 29
6257 14
7564 21
7565 11
5984 72
1819 138
7517 16
7568 30
7167 30
7570 58
7571 14
7572 32
6435 46
7574 27
7577 43
7578 29
4196 72
7580 12
6919 35
5216 115
7558 67
6786 27
5043 193
7584 6
4296 49
7585 9
7468 14
5453 101
6569 24
7587 6
7588 17
342 53
7590 18
7501 76
6400 106
7593 35
6156 17
7594 38
7596 16
1946 69
6010 35
7597 25
7598 7
5962 126
7600 11
7603 30
5529 165
6986 21
7605 46
7606 24
5251 123
6989 81
7616 7
4029 29
6944 122
7619 20
7620 48
2840 55
7621 12
6362 64
5960 27
7622 9
6032 32
7623 28
1246 75
7624 26
5641 70
7627 71
7629 26
7630 9
7631 7
591 45
5454 19
7637 9
7639 16
7640 41
7641 13
7331 47
5958 7
7642 24
7647 11
7648 10
7649 83
5836 72
7650 31
3481 67
7651 32
7653 13
603 27
5278 20
7654 10
7656 5
4943 27
4065 95
848 165
7658 19
6407 50
7659 49
7536 146
7661 35
7662 55
7663 25
5851 114
7664 21
4049 55
7665 42
7666 34
7668 51
3831 90
7670 60
4650 20
6881 24
7673 7
6036 46
7179 38
6006 43
520 30
5856 51
1396 111
4012 64
7674 47
7676 88
7677 34
3217 55
7678 15
7633 70
7679 6
7682 10
2378 29
4285 23
5127 82
4879 57
7685 11
1264 138
7688 93
7689 45
6208 16
171 66
7108 45
6967 39
6642 113
7691 51
7693 35
6923 156
7694 16
7420 24
5759 68
7697 81
6386 37
3285 57
7092 46
7602 56
7701 53
3834 60
7704 29
7705 17
6849 10
7708 8
7709 9
5778 14
3797 26
6629 25
988 48
4692 139
7712 15
7713 28
7106 21
7508 4
4641 154
7714 13
7715 38
7716 4
7717 6
7719 18
7721 7
7722 12
6415 107
7724 26
6360 158
7726 18
7728 35
7259 35
7729 4
8 32
5087 19
7731 11
813 20
2403 60
7732 12
1823 31
7405 56
7734 11
7735 47
7737 28
2111 76
7738 130
7739 9
6530 64
3111 23
7058 5
6106 26
7423 10
7742 9
7743 96
5557 44
3879 18
7748 17
7752 54
6900 45
7427 51
3924 27
7479 47
7744 62
7755 11
7757 87
7759 56
3400 69
5023 45
7194 3
6748 17
7763 3
3034 62
7764 14
4671 73
7765 71
6863 43
7766 15
7767 15
3090 69
7768 13
7770 11
7771 6
7772 8
1999 9
7775 10
7776 31
7778 17
1982 33
7638 64
5524 29
6380 30
7779 12
4522 50
7781 11
7782 9
7783 7
7784 12
7785 33
7786 25
1010 53
6888 27
6903 18
4848 51
2227 259
5702 41
7790 43
6550 60
7792 6
7793 11
7794 47
7796 33
7797 7
7798 68
7681 88
5965 42
7800 33
7803 9
7805 53
7807 37
3276 16
7099 24
4964 16
4947 33
7810 7
7811 19
7812 54
3709 23
7815 26
7324 61
7819 12
7820 5
7821 31
6980 9
5766 24
5337 114
1658 27
6092 9
6283 79
7826 14
3549 18
4855 62
4809 41
4799 12
6983 73
7618 26
7833 21
7700 17
7835 44
7836 10
7711 13
7838 75
7839 22
7840 9
7841 62
7842 35
7843 10
7845 10
6600 66
3295 52
7097 32
7846 25
7847 19
7848 54
7849 47
7850 25
3245 30
2735 16
6908 50
7853 93
7854 6
6472 41
7856 65
6942 27
7019 22
7859 28
7860 43
7862 4
7863 24
7736 41
7540 37
7866 28
7867 28
5049 49
7646 11
7869 13
7873 20
7874 20
6963 24
7875 57
7876 29
7877 16
7878 7
6839 38
7801 13
7879 14
7880 23
6737 24
5588 12
7881 32
7020 7
6772 63
7886 14
7887 26
7604 79
7888 29
3803 114
7889 17
7890 11
7891 4
4309 65
3134 25
2967 134
2326 61
311 5
4696 111
6368 44
5099 29
5013 47
7893 59
7791 33
7216 106
7895 14
7896 18
7897 37
7898 19
7900 3
7901 32
7902 8
7799 37
5451 120
3273 32
1213 53
7809 15
7903 14
7904 39
7905 26
1779 30
5528 31
7907 33
7909 39
6952 30
5580 34
6286 19
7911 62
7133 105
7913 14
1050 109
7915 10
6410 31
2434 45
7918 90
7442 106
7920 15
7921 13
7922 9
5285 68
7924 78
7611 70
7925 46
2183 46
7926 110
7927 14
7928 16
6387 84
7828 31
561 12
879 54
7931 50
7932 13
3072 36
7935 6
7936 50
7939 104
7940 22
7941 13
7091 35
7773 12
7943 9
7947 18
7950 17
7951 7
3991 92
7953 7
3225 48
7954 8
7955 3
7956 7
5532 80
7957 5
7958 20
7959 9
7960 24
7964 6
4795 110
7969 15
7970 4
5402 78
7972 22
7973 6
7974 39
7977 17
7981 44
7982 41
5619 56
5192 117
7985 44
7987 52
7988 10
7989 16
7990 12
7993 31
3825 66
7348 30
328 59
7996 10
7997 14
7998 31
8000 20
8001 5
8002 40
8003 18
8005 51
6832 17
7398 26
8006 11
8007 22
8009 31
7626 11
6744 23
6704 6
8011 4
5144 36
3778 42
4520 6
6282 36
8014 33
8015 6
8016 23
6449 48
7968 48
8018 13
5653 44
8021 15
7282 56
3976 102
5724 34
8022 21
5318 33
8024 13
8025 11
8026 36
7115 12
8028 37
8029 9
3916 34
8034 37
5882 12
6342 10
7916 67
2570 102
2761 5
8037 20
4106 42
8039 10
3438 21
2450 50
1463 7
8042 76
7686 26
6157 62
4299 52
8043 7
4037 51
8044 56
8045 8
5047 43
8046 9
8047 19
8049 41
5631 38
8051 27
6785 69
4842 36
121 25
7934 5
2873 20
3802 27
8054 27
8056 15
8057 9
8058 31
985 36
8060 74
8061 17
5903 32
8062 25
8063 47
8065 17
8066 51
8067 18
8068 73
6239 132
7610 8
8069 17
8033 47
6676 81
8071 13
7635 37
3657 45
8073 23
8074 5
7304 79
8076 3
5204 92
8078 22
8079 3
6200 13
679 68
8081 27
8082 6
4010 12
4860 13
8084 78
3286 25
5317 95
8086 130
7001 53
8087 9
8089 5
8090 10
7607 17
8091 38
900 59
6834 57
4460 20
8092 26
6249 69
8094 11
6859 80
8096 34
6225 62
8099 28
6630 23
28 32
1912 26
8102 31
3905 7
8104 59
8105 23
8106 9
3683 145
8109 6
8110 5
7303 36
8113 6
6345 42
5980 109
7671 13
4228 16
8116 38
8118 28
7197 11
8120 19
6917 10
8122 42
5727 47
6013 18
8126 13
7290 80
8129 32
8131 20
867 43
7232 107
8132 13
3228 34
8133 60
7825 6
8136 18
6703 54
8139 35
841 21
8141 11
7730 33
5427 60
4383 24
8143 8
8144 47
8145 40
8146 33
8147 5
4424 70
7342 10
6621 88
8149 17
8151 48
6069 65
8152 17
8154 10
6747 130
8155 9
8157 4
5217 16
8158 6
6729 34
8159 67
8160 8
3792 33
8162 34
8163 27
6256 27
8167 54
6508 99
7868 28
8168 23
8128 21
8169 8
7274 29
8111 20
4103 21
8170 31
4105 68
8172 28
8173 15
8175 8
8178 10
8179 26
8180 5
7101 33
8181 15
8182 28
2495 91
8183 12
3104 57
6354 55
8184 8
1731 10
8185 39
8187 52
5540 96
4388 37
4834 12
6787 26
8189 24
6582 5
6801 14
5873 54
8190 9
6840 17
5201 56
8195 11
8196 4
8197 49
8198 62
8199 32
8200 20
6976 18
7457 25
8202 9
8205 21
8206 17
4004 15
8207 15
8208 12
3735 26
4815 41
8210 31
8036 10
5552 14
7634 49
8177 12
7899 15
5147 36
8213 71
8214 14
4567 17
8217 6
8218 17
8219 5
8222 4
8223 3
8224 38
8225 3
6640 9
8226 13
4297 31
4024 64
2012 32
8227 31
8228 25
4869 17
8229 6
8230 13
476 15
3969 34
2244 95
7628 25
7938 8
8232 40
8233 9
6235 27
5730 34
6307 77
8235 25
8236 5
5959 33
7787 31
6330 29
8240 16
8241 55
6906 51
8242 12
8245 15
5773 14
7230 14
4085 34
8249 26
3684 16
6596 32
6709 10
8251 19
7991 14
8252 53
8253 18
2865 40
8255 9
8256 11
8257 7
8259 4
8260 16
8261 23
2625 44
5957 7
8264 11
8265 5
8266 31
8268 20
7614 26
3670 22
8269 73
8270 17
3933 25
6810 18
7463 39
8273 5
8274 47
8276 18
8192 34
8278 50
7522 46
8279 5
7400 25
5394 16
7952 11
8286 22
8287 4
8288 19
8289 9
8290 47
6081 38
8291 4
5061 14
8292 19
8293 18
8294 31
7279 56
8300 26
5983 34
8301 3
8302 47
7408 49
7601 43
7385 46
8304 10
4973 10
7557 17
8307 14
6768 43
6571 10
8311 11
8312 29
8313 20
8314 7
6979 22
8070 85
8221 29
8315 27
8031 28
5506 23
8318 38
8320 20
8321 14
8322 4
7804 16
7852 12
7344 52
8323 24
8324 4
7503 12
629 33
7994 25
8137 17
6999 156
7979 22
8325 6
6773 28
8327 15
2545 72
8329 6
8330 6
8331 31
8332 28
5605 13
2166 42
6552 23
8333 53
5057 50
5029 94
8334 13
8336 12
8130 43
5025 48
6720 31
8338 10
8339 10
8340 32
8341 28
8342 21
6022 31
6929 43
6234 4
5964 7
8351 18
6842 26
6243 53
8352 8
8353 20
8354 32
8356 12
8358 48
6893 16
8362 17
6365 43
8364 29
7857 8
4225 18
5222 93
6562 38
8366 8
8367 10
8368 34
2154 32
8370 9
7684 14
8371 11
7154 9
3420 5
8010 45
8374 7
5008 35
8377 7
4205 50
8381 72
4283 57
2636 18
4165 15
8127 38
1740 16
8383 9
6935 37
8384 41
8385 7
8386 15
1056 58
8388 40
6347 76
7696 6
5275 36
8393 18
8396 15
8398 22
4416 43
8399 7
7220 34
7945 17
8360 33
8409 17
8410 18
8411 19
8412 14
3616 6
459 22
8415 12
3188 44
8077 11
7858 25
8417 46
8418 13
6175 35
8164 18
6808 41
8421 34
8422 18
8423 16
8425 9
8426 7
4365 66
8428 15
8429 13
7299 16
8431 6
8211 6
8432 8
8203 31
8433 26
8434 45
6179 46
6701 18
5387 18
7906 30
8439 2
7999 45
8440 24
7718 13
7995 6
8441 28
7249 16
8030 25
7669 53
8443 11
3606 31
8444 11
8148 17
3573 19
7802 54
7212 46
5917 18
6066 91
2692 63
8450 32
8452 6
8453 12
8455 27
8458 12
6570 118
6140 60
8449 31
8461 37
3625 13
7976 8
979 34
7073 46
8465 13
1460 23
8282 11
8467 23
8469 9
8470 33
8471 4
8474 45
8475 49
8476 14
7818 18
8478 5
7548 19
5101 48
8480 24
5142 23
8483 11
3555 13
8485 9
8486 6
8487 9
1564 13
5150 21
4178 34
4119 16
3423 5
8490 13
5383 16
5152 5
8382 27
6045 10
8492 30
7241 11
3466 23
8493 8
6420 43
8494 5
825 20
7464 65
7006 11
6833 32
8496 14
4504 39
6827 10
8119 17
7283 11
5461 94
7254 33
4859 10
5046 44
8500 6
6934 24
8250 9
8501 11
8032 44
8502 22
8503 16
6346 39
7067 31
8505 28
7072 18
7122 23
8506 31
8349 11
6409 38
8507 15
4691 8
5327 40
7937 18
6529 34
8281 6
8108 59
2486 9
8511 16
4882 24
8512 13
8513 14
8514 15
7672 57
6207 14
8517 9
3173 32
4453 84
8520 15
8521 15
8522 13
6064 36
6055 35
7345 45
4926 19
7008 17
8524 8
7217 44
5805 55
8531 8
6150 48
8532 8
8533 75
8534 9
7583 8
6233 27
3093 18
8535 8
5603 62
8536 34
7806 6
7205 30
8537 22
2782 35
1361 12
7908 44
3547 77
7589 27
8528 55
8538 15
8188 18
7949 34
8540 11
8541 13
8543 18
8544 14
6223 4
8545 4
8546 20
8547 18
8549 9
8551 9
8361 7
8552 15
8553 17
8554 6
4155 28
8555 24
8319 11
8556 33
5643 25
8468 28
5855 33
8558 9
7030 34
8559 67
7983 31
7892 19
8563 15
4940 32
8565 9
8117 42
8568 29
8569 12
8570 15
8482 19
7266 68
8572 5
4067 12
7311 37
8573 16
8456 45
4904 16
8574 9
8576 20
8578 13
7756 14
8254 31
6423 19
7789 21
2315 43
4177 7
6829 160
6714 42
8579 8
7609 25
8529 15
8258 18
8580 14
6581 37
7110 19
8582 8
8583 9
8584 8
8587 9
1478 82
1075 30
8588 41
8589 15
8590 4
8591 22
7525 32
8593 17
8595 31
8596 16
6396 8
8598 22
8599 5
4918 26
8602 23
3662 21
8603 7
8604 6
8515 20
8605 54
2301 30
7062 57
4826 40
3056 76
7539 16
8606 15
4467 17
7444 43
8608 29
7723 12
8135 15
6319 22
8609 10
8204 14
7445 33
8612 27
8613 5
2457 54
7118 37
8616 10
8263 27
8064 20
7253 12
8484 4
8621 25
8623 2
8624 8
6421 19
4268 14
5892 14
8100 15
8626 5
3319 53
1202 13
5356 14
799 22
8630 11
8631 17
8632 8
8633 23
2336 50
5237 20
6677 20
3902 57
8390 19
8636 7
8638 5
8641 9
2157 12
8642 9
8643 13
8645 30
6023 37
8646 12
8647 51
2606 25
8649 10
8650 51
474 93
7992 42
8651 27
8350 10
5770 16
4609 30
8653 18
8655 19
7492 26
8601 21
4677 36
8657 14
8659 7
8165 49
8661 8
8662 10
8663 15
4334 50
3409 34
5262 43
3327 47
5551 44
8527 74
8665 39
8667 25
8309 9
8404 4
6214 28
7449 39
7223 30
8668 7
2136 17
8430 15
8656 35
8669 19
8671 3
8673 4
8675 6
8676 12
5635 36
8238 36
7871 8
6352 12
8677 25
8678 5
1133 25
8679 23
8680 7
4895 16
7652 31
7615 14
5094 92
5218 19
5342 31
5987 15
8407 7
4486 39
4139 30
8688 8
7576 9
8689 26
5489 9
8156 8
8691 35
7178 69
8692 3
7425 10
8695 36
8379 18
8697 38
8699 12
2535 16
8161 4
7861 5
8701 27
1261 24
6623 43
8702 25
6412 13
8704 5
6728 16
4975 23
8209 44
7483 22
7978 31
8709 15
5405 10
8710 4
8711 15
8713 12
8714 6
8234 57
5369 8
7929 14
8716 19
8717 3
8718 15
8719 28
8720 5
8722 13
8085 47
8723 8
8724 23
3222 51
8726 17
8727 17
8728 13
8121 56
8729 31
8730 12
8731 29
8732 3
8277 33
1423 26
3347 56
7788 21
8734 21
7278 32
6895 20
6322 11
8735 9
5997 41
8738 17
8739 22
6185 95
4275 11
6604 19
5011 9
4071 17
8744 11
8745 9
7741 13
8746 8
8747 25
8748 13
8749 15
5950 34
8750 6
7064 56
8752 17
7608 21
5589 17
8753 13
7914 19
5592 22
3909 18
3275 85
8755 15
8757 8
7813 30
6443 5
8048 14
1850 7
8557 16
3514 20
7187 14
8764 21
8766 7
7269 26
8767 23
5507 16
8772 14
8773 15
7476 17
8774 13
6203 4
6824 9
7667 24
6731 14
8776 8
7750 24
1824 26
8778 29
7830 11
8779 20
7341 38
3434 35
7613 33
8784 6
976 24
8785 24
8787 19
8789 25
4586 99
8577 19
4238 8
8790 9
6147 36
8791 17
8793 15
8794 19
8795 7
8799 18
7554 75
6040 29
8800 12
6679 11
8801 5
8802 22
8803 8
4252 51
6011 13
5512 50
8808 13
8811 4
8812 15
8813 15
6337 16
1108 14
8816 6
8817 12
1628 59
8818 25
6638 16
5470 15
8821 5
5391 21
8822 25
8827 7
1001 11
8828 6
4721 12
8833 4
8706 26
1511 13
8837 16
7498 11
8376 55
6252 10
8838 6
8839 8
1568 6
8683 13
8840 16
6982 31
6180 15
8721 21
7581 18
8153 13
8138 9
7706 29
7683 27
2712 38
8843 5
6425 66
2573 51
8845 28
8846 6
7930 19
8849 21
8850 16
8851 9
8852 12
8853 5
8854 13
8856 9
5343 17
7441 16
8375 18
8857 6
7100 20
2646 53
8859 10
8860 33
7293 20
8861 22
8863 2
6939 56
8864 15
3315 8
8866 26
8867 4
8868 8
8499 6
8708 11
8523 23
8615 4
8871 53
8872 11
7397 32
8876 13
7965 29
7632 54
8878 28
8879 18
8880 15
8881 8
6821 38
1942 11
4786 20
8884 35
8885 8
8887 5
1352 17
4851 5
8888 4
8889 7
8891 20
8892 17
6048 16
8893 11
6891 41
8825 9
6694 36
8894 15
8895 4
7247 15
7727 50
8896 16
6631 18
7027 21
5092 11
5224 57
8575 7
6933 29
6525 7
8900 5
6610 25
5994 14
8902 19
5070 21
8903 14
8904 26
8201 32
7919 5
8906 16
8101 9
8907 19
6218 28
8909 5
8910 32
8911 20
6793 29
8913 30
1611 12
7103 50
8914 26
8915 14
8373 25
7048 20
8917 8
7753 25
8918 14
8919 11
8920 4
8922 28
8923 16
8924 9
8925 9
8926 11
4120 27
8929 17
8930 16
7401 35
8931 27
8380 6
7573 13
8693 11
5701 21
5468 35
8932 7
8933 12
4862 14
8935 13
8937 24
8938 6
7912 19
7351 21
5354 21
8627 20
8939 20
4190 28
4043 6
2429 83
8780 34
8775 12
8798 19
8272 5
7808 40
7761 39
3570 36
8509 10
5031 32
8947 18
8743 5
8949 7
5748 18
8950 17
8952 4
6383 46
8635 8
8954 18
8957 19
8262 11
8959 4
6532 5
7357 34
7962 46
8561 9
8960 34
6870 19
8963 14
6541 36
8967 5
5870 27
8968 14
7296 13
8809 37
8220 3
8970 22
8275 13
7967 45
8052 35
8832 18
8972 4
8973 11
8974 8
8976 11
8977 8
8027 16
8982 14
8984 14
8986 7
6715 10
8694 7
7414 21
8987 9
8819 8
8989 22
270 26
2074 20
8991 17
4130 17
7541 13
8993 4
6972 3
2039 14
8114 15
8788 14
6332 31
7493 43
8996 14
6464 11
8088 9
6450 16
8999 16
6051 4
9000 7
8875 9
7236 25
9002 8
6007 36
9004 22
7169 12
7416 14
9006 5
5116 51
4537 19
9008 20
9009 7
4218 23
9013 3
8725 42
9014 6
6333 37
433 20
8824 21
4948 70
8473 12
9012 17
6523 29
9020 9
8944 10
6926 23
9022 11
9023 20
7762 22
9025 7
7971 12
605 41
8174 11
9026 5
2847 32
9027 3
4123 21
5458 38
8488 15
9028 9
9029 17
9031 13
1096 9
9032 10
9033 17
9036 8
9037 14
5381 4
9042 3
9043 4
8525 24
7239 5
5998 42
9044 15
6124 17
9047 23
9049 18
9050 19
9051 16
8581 7
9053 17
7392 5
3858 13
9055 18
9057 9
5995 7
4798 8
7470 7
4308 68
8983 11
9059 7
7316 12
8696 4
7514 8
4595 12
5109 21
4935 10
7984 9
9060 4
3177 8
9061 7
6321 61
8466 20
9062 24
8771 40
9064 20
9065 11
6202 22
7042 32
6616 11
9066 7
8751 8
6135 23
8782 21
9070 9
9071 7
8098 23
7413 15
9073 9
8267 33
8462 20
7699 18
8681 29
5912 42
6962 12
9074 27
9075 23
4924 31
7740 4
7007 28
9079 16
9080 37
9081 7
9082 6
6542 29
2656 7
9085 5
8437 27
3734 6
9092 12
9017 26
9094 15
7021 11
7760 7
9095 3
8858 7
9096 19
9097 18
9099 10
9100 3
9101 32
9102 15
5366 5
8402 16
9107 4
7837 26
9109 8
9078 17
8216 19
8142 33
1657 40
7448 6
7933 18
7675 5
9114 14
8951 4
7200 15
9116 10
8548 11
9007 25
8988 34
9117 24
9118 15
9119 13
8231 5
6543 13
8618 8
8457 32
9120 20
9122 17
9124 11
6513 4
9128 15
8419 17
9130 14
9131 23
7851 8
2637 4
9132 27
7749 4
7963 30
8012 18
7305 7
7310 19
7206 15
2553 9
7273 23
9135 27
9137 16
9139 10
9140 16
8237 17
2751 36
5582 16
9144 15
8815 27
6300 16
9147 9
9127 12
8401 12
7831 14
9148 11
9149 15
9150 7
8883 9
9151 25
9152 5
9087 9
9153 5
5125 42
9155 28
9156 14
9159 5
5680 16
9160 4
4236 18
8134 19
8637 17
9161 16
6949 20
3753 15
7942 11
9164 9
1359 46
5435 14
9165 5
8400 32
4264 16
5978 7
7225 27
9166 30
9167 16
9168 11
9169 10
9170 10
8357 5
7586 8
7592 36
8666 31
9021 5
8296 41
9172 11
9173 16
9175 15
9176 10
8564 25
8897 8
9178 21
7163 34
9179 4
9129 9
7703 20
9180 5
4866 10
9181 9
3998 12
8395 14
6216 17
9184 8
9185 6
9187 8
9188 17
7582 26
6506 7
9192 15
9193 23
8955 6
9194 9
6614 27
5368 17
7946 13
9195 12
6242 8
7814 8
9198 13
9199 7
9200 4
3282 8
5798 6
7412 19
9003 5
8498 10
2078 12
7224 17
9203 5
9204 14
8703 14
9206 25
9207 7
7827 21
9205 13
9210 5
5513 19
7780 7
9125 6
4329 20
9214 28
6811 6
9190 8
8215 13
9215 13
9216 3
5360 44
9217 10
9212 5
7125 9
2886 5
8978 8
9220 3
9221 6
6641 20
3452 4
8050 14
9223 12
8316 7
1388 10
9041 15
9133 7
8855 8
9225 17
8530 5
9228 9
9146 13
3066 21
8365 55
4507 8
8953 20
3122 12
9230 17
8777 12
9233 14
9162 9
8831 10
9234 25
9235 5
9236 6
9237 8
9238 4
6549 20
7910 7
8442 5
9243 13
9244 6
9246 13
8670 17
6493 4
8763 11
9248 4
7356 9
7747 24
9251 3
6496 18
4327 20
9252 3
9253 21
8297 20
9255 6
9256 23
7098 26
7754 14
8562 19
9258 10
9259 5
4374 5
9260 6
4630 25
9084 8
8806 18
7477 5
9219 5
9005 41
9265 33
4986 8
7246 15
9268 13
9257 15
4865 22
4962 7
9270 12
9272 5
9273 15
5316 23
9275 6
9276 27
7883 5
7865 22
4681 18
9277 7
9091 15
7524 26
9278 4
8611 11
9279 8
7191 24
9280 3
6876 12
9281 14
7944 64
9282 4
9242 17
8586 7
5585 17
9285 29
4767 13
9177 3
9286 9
8981 5
9245 15
7816 16
7301 14
7617 4
9142 11
9291 9
6215 59
9293 4
8150 4
6285 13
9294 14
8715 12
6930 54
9298 17
9299 4
9300 6
5036 10
6945 15
6572 9
9303 12
6038 16
8248 20
9306 13
2526 14
9307 10
8140 6
3405 18
8191 17
9309 10
8674 28
7725 9
6732 10
9310 12
9311 6
8345 25
9312 12
9313 7
2363 22
9314 7
9316 13
8786 15
9318 4
2298 25
8835 4
9320 16
7363 44
9325 9
2518 15
9329 6
6779 11
7885 21
9126 6
8489 21
9284 4
9211 16
5003 20
9335 9
9336 3
7145 10
7855 4
5604 12
9337 7
8472 13
8625 13
9342 6
8971 12
9345 5
9346 7
8186 9
9347 8
9324 10
9231 12
5504 31
7655 19
2075 49
8072 11
4717 17
8639 3
7005 7
5951 14
9086 22
9351 20
4679 13
8299 9
6052 8
9352 2
9353 12
9357 4
9077 9
9076 7
9358 8
6739 9
9360 8
9295 8
9361 22
5587 10
9362 21
3269 11
9364 6
9315 14
9365 11
6305 7
8698 25
6087 27
5695 9
5564 24
6002 38
7170 38
9367 9
9368 4
8942 24
282 14
9369 21
9370 12
3355 4
9371 24
7595 21
7644 14
9372 5
9373 11
9375 13
8823 20
8805 20
6090 23
8760 4
9377 21
9378 20
9108 8
9380 5
7975 8
8123 32
9381 9
9332 40
3883 10
9383 3
9384 5
8378 16
9388 8
7415 23
3541 19
9391 8
8705 11
9392 9
9264 6
6931 8
9394 7
6376 8
4354 15
8550 11
9397 5
7475 6
7157 8
8246 11
9398 5
9222 6
9400 4
9401 17
4447 12
6476 20
9404 6
6918 6
7882 11
8765 11
9406 11
9407 6
8040 5
7680 11
7980 9
7284 22
8628 27
9218 24
8571 3
7751 20
8733 6
8912 10
9288 16
9411 7
7884 16
9412 6
9414 11
8438 16
9416 6
7353 6
9417 6
9418 7
9419 14
8194 10
8741 6
3959 9
8283 13
5676 17
8610 18
3143 27
8980 4
8435 19
7777 26
8391 18
3112 14
9424 2
8877 4
4661 15
7090 8
8193 13
6966 16
7687 19
7986 19
9138 16
9359 17
9427 3
6851 26
9429 28
8886 7
9431 10
9432 13
9433 7
9322 14
4716 15
508 20
8508 28
9434 7
7402 18
4508 18
8769 5
8171 17
9263 16
9089 13
9271 20
7690 4
8870 7
4854 5
9436 10
9018 15
5668 18
9261 29
9439 12
9440 8
7569 19
5934 7
9063 9
9441 33
9442 17
7180 5
9443 10
8346 10
9389 3
9058 21
9444 4
8285 16
8961 16
9283 6
5276 7
3915 19
8890 17
8736 4
8975 21
7553 14
9446 5
9448 3
6558 6
3974 28
9334 11
8908 18
8284 42
9450 6
4746 27
7832 8
8008 11
7579 35
9453 7
9454 12
9039 11
5747 11
4773 13
7387 19
7745 14
8448 27
9399 9
7155 17
8408 18
4381 23
6650 31
6276 12
4850 4
8451 5
9459 4
8946 17
9460 11
8672 9
9461 29
2890 22
2615 9
9462 18
9104 8
9466 10
6718 33
9467 4
9468 27
9327 7
9469 4
9470 9
9202 25
9471 5
8600 5
7471 4
9098 16
9472 16
8041 22
9473 4
8994 13
9474 4
3827 37
9024 15
7395 16
9476 6
9477 5
9479 12
6187 8
9141 24
3198 24
8644 4
8804 20
9481 9
5520 9
8781 26
5245 17
9482 16
9483 14
9486 5
3132 37
9267 4
4471 23
5084 5
7643 8
9489 13
2932 7
6504 9
9490 7
9425 25
8761 9
6304 9
9229 4
9067 6
8826 11
9493 17
5020 35
9494 5
9495 6
9496 6
7231 7
9497 4
9408 13
7238 17
9363 12
9143 5
7260 10
6500 7
9503 8
7591 12
9506 11
9213 5
9507 13
8842 4
9508 2
8985 11
9183 10
9016 17
9510 4
9511 4
7490 32
5033 16
8243 12
9512 8
9484 11
9513 9
9514 8
9516 6
6553 11
9517 11
9445 9
9019 8
8619 9
9465 13
9518 1
8634 9
9103 9
6288 11
9519 13
7460 7
9520 8
9521 12
9522 4
7894 8
6460 13
9487 6
9523 4
5753 13
9524 7
6447 7
8820 9
9525 18
9249 19
9452 6
5834 6
1926 22
3583 8
8899 24
8394 18
9529 7
9530 4
9531 6
9532 6
8397 15
6825 11
9045 13
7645 4
9533 6
9534 4
9355 6
9535 7
8844 8
6126 26
6678 17
9537 25
9538 4
8620 5
7455 5
8392 16
7870 10
1592 30
9542 9
6563 12
9543 5
9544 13
9426 19
4593 9
3857 13
9545 19
3125 23
8013 7
9547 32
9548 4
9232 5
8754 12
8124 7
6898 25
8969 15
9551 9
9552 12
9553 7
9554 17
9555 5
9550 9
9556 11
7474 17
9559 7
8567 32
6083 4
5486 11
6879 3
9561 7
8685 7
8592 6
8516 4
8406 5
9390 12
9562 5
9563 8
9030 8
9526 4
5357 4
9421 18
9565 20
8873 12
9287 15
9568 13
9227 13
9569 11
6369 17
9403 9
6733 7
9571 9
8566 13
8869 37
9171 11
9575 6
7320 24
5549 12
8271 16
7948 14
5235 23
4003 11
4282 5
9428 7
9105 14
9505 9
9582 10
4622 8
8280 10
8622 18
8059 21
6626 15
8436 9
9584 11
9589 26
8756 14
9015 4
9590 4
9591 8
7567 21
9498 4
9478 4
8447 10
9349 12
9592 7
6719 22
3566 16
7692 4
9558 8
8344 15
8995 7
6927 28
9594 4
5240 5
9595 19
9596 5
9598 1
9599 4
7000 15
6128 9
9600 14
9602 4
8762 4
7375 18
3884 4
9254 15
9604 8
5027 20
7758 12
8427 5
8847 5
8337 8
9395 14
9606 9
8943 13
8934 5
7075 6
9609 7
9579 2
6586 5
9610 4
8964 14
9611 25
9612 5
8020 9
8359 5
4280 23
7795 9
2095 9
9613 4
9250 8
8758 15
8328 9
9614 7
8460 7
9615 9
7159 22
9616 3
9387 2
9040 16
9617 9
9163 13
8862 16
8308 7
9456 11
3460 8
8459 14
9189 5
9619 9
9620 9
9323 11
5341 19
8310 6
7014 16
8597 18
9328 5
9628 6
9629 14
9630 6
9090 6
8405 9
9631 6
9633 5
9634 4
1104 14
5282 8
9608 13
8446 30
9240 7
9637 9
9601 13
9640 5
9338 3
8491 15
8742 5
9641 3
9642 5
9644 7
9570 22
9646 6
4101 4
8905 9
6912 6
9648 4
9632 13
8928 36
9350 11
4251 6
7829 5
9643 17
9649 13
5703 6
7917 3
8372 18
7523 7
5649 6
5768 5
9621 5
7403 12
9655 7
9657 6
9658 18
9659 5
9420 8
9660 6
9661 7
3814 3
9549 4
8463 9
7695 4
7625 9
6344 8
9662 3
9546 3
8298 7
9663 8
3973 9
9638 6
9415 2
6554 4
9666 8
9667 4
6539 11
5930 8
8097 5
9191 23
9668 3
9669 9
9670 4
9464 4
8306 8
9500 12
9671 10
7660 10
9488 12
9585 6
8807 8
8004 6
8660 9
9158 4
9673 5
9674 7
9675 10
8874 7
8979 5
9676 10
9145 12
9677 4
9678 3
6841 9
1068 12
9396 4
7485 22
7172 5
8617 3
3272 10
9679 9
7844 7
7566 17
9451 5
8335 8
8916 8
8958 15
9680 5
8654 25
8038 10
8834 5
7547 8
8898 5
5848 9
7823 9
7563 10
3189 14
8848 3
5949 7
6969 7
9683 3
7123 7
8768 9
8115 6
8413 12
9304 11
7502 14
9623 3
6357 12
9274 14
8797 9
9636 7
9685 5
9605 11
8948 3
9541 13
8998 13
7268 4
9035 11
8519 8
9689 3
9665 4
9348 9
7494 13
8796 9
9572 6
9652 7
9692 4
7430 5
9540 4
9001 10
9635 11
9262 14
9402 15
9509 10
9693 6
9123 8
9695 6
9354 5
9696 2
9697 5
9475 3
8941 6
4446 11
7657 8
8212 6
7328 4
8326 4
144 7
9701 7
7432 4
9702 7
9703 23
9111 4
9704 7
8945 12
8664 8
592 11
9423 4
9054 4
9413 5
9705 4
8684 6
9186 4
9687 9
8712 14
8882 10
9326 7
7817 14
4608 8
6453 8
9708 6
6280 6
9710 5
8865 7
7139 7
9650 4
7864 5
6711 13
9536 11
9711 5
9174 8
9712 6
9048 11
7822 5
8640 11
9301 4
9266 9
8363 14
9716 5
9717 8
9718 8
8481 7
9713 7
6971 16
9010 11
5500 19
9721 6
8829 5
9722 5
9639 10
4797 15
6462 12
9707 8
7078 8
5241 4
9567 8
6956 13
8841 4
9727 9
8940 8
2955 5
9731 7
9723 8
9209 9
9289 5
8035 6
8464 7
9732 3
6655 8
9733 7
9112 4
9645 4
8614 11
2349 9
9356 10
9588 6
9735 11
8965 7
9736 5
9738 4
9739 7
9740 4
8445 14
4625 9
9741 3
6177 7
9241 6
9136 6
9742 6
9743 6
8962 5
7500 8
8652 4
9527 17
9597 7
9745 7
9748 5
8607 10
7872 8
5916 5
9751 4
9457 11
9340 5
4881 12
5640 15
9656 10
9393 5
9319 8
7184 6
3664 7
7040 11
8526 17
8247 3
9239 11
8080 4
8125 5
8990 4
9756 1
9113 4
9757 4
9201 17
7966 6
8095 3
9758 10
9410 4
9121 6
9730 5
9760 5
7774 11
8687 6
9700 6
9761 4
5629 7
9762 4
9763 6
7407 6
8420 13
9480 6
9766 6
8770 3
9681 4
9767 4
2519 8
9768 14
9296 4
9769 3
9698 5
9386 4
9764 4
9770 14
9771 13
9492 3
9088 10
8836 15
9290 11
9269 14
9052 8
9574 3
9776 9
9224 7
7152 6
2501 3
9343 8
9653 7
9557 14
8518 8
2987 11
5002 4
9779 9
9780 4
9502 4
9782 4
9622 2
9783 3
9784 4
8416 9
4704 7
8830 9
9566 4
5712 4
8403 8
9560 3
9587 3
7507 4
8707 5
8539 9
8648 20
9786 8
3859 13
8055 9
9788 5
9759 6
9789 10
6526 10
8424 10
9134 2
8792 4
9791 6
9308 9
9684 5
9539 11
9110 17
9792 4
9056 3
9573 19
9292 5
9725 3
9793 4
6114 2
9794 6
8017 8
9795 3
9796 4
5487 4
9699 4
5777 15
9709 6
9798 8
9485 9
8107 9
8305 5
9528 4
9777 4
3505 11
9799 4
9379 6
9801 6
221 3
9802 4
8495 7
9775 5
9455 7
9804 5
8594 12
9302 4
8479 4
9805 5
9034 3
9806 4
9382 3
7165 8
9807 4
8936 7
9072 11
8658 6
7189 10
5823 9
6093 11
7923 8
8176 16
7461 5
8295 7
7961 9
8477 3
7437 10
9797 4
9750 11
8019 9
9754 3
9706 5
9499 5
9810 2
7733 5
7720 14
9664 7
7746 6
9714 7
8690 8
8023 4
6921 7
9803 5
9811 8
8686 6
6293 4
8454 4
9458 6
8389 8
2478 3
9366 10
8303 5
9449 8
8682 5
9106 11
9813 6
9814 10
7051 3
9815 3
9816 9
9093 5
9618 4
7834 8
9817 15
9773 2
9818 7
8783 7
9682 3
9821 10
9651 5
5896 3
9339 3
9719 2
9822 5
2156 7
6904 4
9823 5
9501 5
9812 10
7104 6
8414 4
9726 4
8759 3
9825 5
6490 4
9435 5
2146 6
60 7
9376 11
6411 5
9749 7
9827 3
9772 6
5495 5
8083 2
4203 6
8629 8
9828 4
9830 3
9626 4
9654 4
9832 4
9046 3
9068 5
8093 3
4104 7
9833 4
6110 6
9624 11
8239 2
8901 11
7499 9
9504 8
8348 10
2825 7
9778 4
9829 9
9247 7
8112 5
9341 4
9837 4
9734 4
4210 8
9838 5
8347 7
5153 3
2957 5
9835 4
9840 6
9747 3
9774 7
7434 4
9842 9
5205 4
6661 4
8497 5
8542 2
4300 2
8504 7
9844 4
6370 5
9317 3
9845 3
9765 16
9846 4
8075 9
7710 11
8355 11
9083 6
9197 3
9843 4
9691 10
8244 3
9819 6
7769 4
9593 3
9437 7
9848 5
5787 10
9115 5
6258 10
7226 5
5743 9
9851 6
9603 6
9226 12
8103 7
9744 5
9409 2
9581 10
9849 4
9607 5
8166 4
9853 3
9809 4
7575 3
9491 3
9577 7
9011 6
9724 5
9344 4
9728 4
8343 3
7054 9
6121 5
9720 8
9672 6
9686 3
9583 4
9855 4
9154 4
3095 5
9790 3
9808 5
9157 5
9841 6
9321 4
9856 5
1552 6
1526 3
9576 3
9850 6
9333 2
9857 4
8927 6
9447 6
9625 6
9824 4
3238 5
5066 4
8956 4
6791 5
9331 3
9578 2
9305 3
8585 6
9586 6
1003 2
9330 10
9196 12
9834 5
9688 2
8317 4
6916 6
7313 6
5630 4
3120 2
9564 4
9836 5
9385 5
9800 5
9847 4
9374 4
8997 6
9297 6
8810 7
9753 6
8560 2
7824 5
304 5
9861 3
9781 5
8921 8
9862 4
9746 3
7599 4
9820 3
7612 5
9859 3
8387 10
9182 5
9752 4
7059 4
8992 4
9852 5
9627 3
9755 3
2583 7
9863 4
7698 5
8369 4
9785 4
8700 2
5358 3
9787 9
8737 7
6605 3
9405 3
9647 3
8814 2
8966 5
9069 3
9831 4
9864 1
9839 3
9866 4
9515 4
7707 7
9694 4
9865 3
9580 5
9715 3
9867 3
8053 5
6853 3
9038 4
7702 2
9690 3
9422 6
3816 2
9868 3
9869 3
9854 4
9729 2
9737 2
7636 2
9860 3
8510 3
9858 3
6444 3
9826 4
8740 5
9463 2
9208 2
9430 3
9438 1
