2 5
5 5
6 10
7 6
13 7
14 5
21 5
22 13
25 5
27 4
28 5
29 7
31 11
32 4
34 6
35 4
36 4
37 5
38 4
39 4
40 6
41 12
42 14
44 8
50 5
51 11
52 4
55 4
56 4
59 4
61 5
64 7
71 11
73 9
74 4
77 4
78 7
79 9
80 16
85 8
87 8
88 4
91 6
94 6
95 5
97 4
98 10
99 5
109 9
110 7
112 11
113 14
114 7
115 5
117 19
119 34
120 4
121 10
122 10
124 17
125 7
126 5
127 4
128 5
129 17
130 5
131 4
132 4
133 17
134 4
135 4
136 4
137 4
139 4
141 12
142 15
143 7
144 5
148 12
149 10
150 4
151 10
152 8
153 20
154 56
155 4
156 10
157 19
158 6
159 10
160 11
161 7
162 8
163 19
164 8
165 14
166 15
167 8
168 29
169 33
170 14
171 22
172 24
174 9
175 9
176 9
177 4
178 10
179 727
180 14
182 27
183 14
186 5
187 5
188 9
189 5
190 7
191 35
194 14
195 4
198 4
199 5
200 103
201 7
202 10
204 6
206 44
207 70
210 4
211 4
213 10
214 4
215 4
216 17
220 9
222 7
225 17
226 6
227 5
228 5
229 25
230 15
231 18
232 96
233 14
234 9
235 19
236 6
237 5
238 22
239 4
240 4
241 67
242 5
243 20
244 4
245 5
246 26
247 5
248 11
249 12
250 34
251 11
252 9
253 4
254 34
255 6
258 10
259 13
260 25
261 21
262 92
263 17
264 39
265 19
266 34
267 35
268 14
269 148
270 38
271 66
272 21
273 22
275 5
276 14
277 9
278 487
279 35
280 20
281 16
282 37
283 6
284 9
285 8
286 5
287 20
288 141
289 41
291 27
292 4
293 4
294 97
295 21
297 6
301 20
302 5
303 7
304 4
306 14
307 6
310 4
315 7
316 10
317 4
319 5
320 39
321 6
322 15
323 18
325 6
327 40
329 7
330 4
331 9
333 13
334 5
335 5
337 19
338 12
340 19
341 20
342 11
344 4
345 36
346 21
347 5
348 17
349 4
350 5
352 10
354 7
356 6
357 5
358 7
365 7
368 7
381 4
389 4
391 5
392 11
394 4
396 30
398 8
399 6
401 6
403 24
404 8
408 26
409 12
410 10
412 5
415 5
416 46
417 4
423 6
425 17
426 4
427 19
429 4
431 17
434 7
435 11
436 5
438 16
441 24
445 96
446 10
447 19
449 9
452 10
455 10
457 5
458 14
459 16
461 34
463 14
464 5
465 10
466 17
467 10
468 4
469 7
470 42
472 6
473 33
474 7
476 12
477 7
478 11
481 8
483 25
484 15
487 11
488 12
490 4
491 14
493 7
494 4
495 34
496 12
497 9
498 4
499 5
500 4
501 11
502 51
503 10
504 4
506 10
507 28
508 6
509 4
510 5
512 5
513 21
514 15
515 4
516 34
517 11
519 23
520 7
521 37
522 9
525 5
526 20
527 9
528 56
530 4
536 8
537 21
540 19
542 190
544 11
545 4
546 19
548 16
553 16
556 8
557 4
559 5
560 5
562 9
563 8
566 25
567 10
568 23
569 24
570 7
571 6
572 4
574 4
577 6
582 5
583 4
584 14
586 4
587 4
588 5
589 7
591 6
592 22
593 13
594 4
596 5
597 4
598 4
600 4
602 10
604 6
605 4
610 6
612 8
614 12
617 5
628 4
642 53
643 17
645 4
647 32
648 5
650 6
656 4
657 4
659 4
661 7
662 5
664 4
665 4
667 460
668 15
670 5
673 6
678 98
682 5
683 7
687 37
688 33
439 18
690 14
693 4
701 6
702 6
703 4
704 5
706 4
708 23
709 8
711 4
717 24
721 10
727 8
730 114
732 7
735 4
736 5
739 7
740 13
742 16
743 5
749 17
753 9
761 9
762 6
769 6
775 4
778 86
780 13
785 12
787 6
791 10
792 5
793 15
800 5
801 5
808 4
809 4
811 4
812 12
813 9
814 10
816 11
817 14
820 4
821 14
822 4
826 17
827 6
828 7
829 4
832 5
834 8
835 18
838 7
839 18
840 12
841 7
843 5
845 13
847 6
848 4
849 7
852 4
853 17
857 7
861 4
862 11
863 16
864 4
865 5
870 11
871 6
872 6
874 4
877 5
878 5
679 8
882 4
883 4
885 21
887 5
888 10
889 4
891 8
895 6
901 15
902 9
903 5
904 5
905 23
906 4
908 4
909 4
911 7
912 6
913 12
914 28
915 22
917 6
918 10
919 16
920 4
921 13
925 24
926 40
927 7
928 20
930 11
931 4
934 32
935 12
938 15
939 37
940 8
941 12
943 5
944 35
945 5
946 15
948 34
950 4
951 9
952 9
953 9
954 7
955 18
956 24
958 31
959 29
961 6
962 4
963 7
964 11
965 22
966 6
967 5
968 6
969 7
970 8
973 23
974 12
976 9
977 14
978 5
979 4
980 9
982 6
983 6
984 9
985 6
986 4
989 6
990 71
991 122
992 14
993 5
994 16
995 6
997 14
998 16
1000 5
1001 6
1004 4
1005 15
1010 6
1011 35
1012 35
1013 12
1014 9
1016 4
1019 6
1020 19
1022 13
1023 15
1024 8
1025 11
1028 11
1030 9
1032 38
1034 8
1035 6
1036 4
1037 4
1038 45
1039 6
1042 15
1044 16
1045 18
1049 11
1050 11
1051 36
1052 11
1054 111
1055 10
1056 11
1057 6
1058 6
1059 11
1061 68
1063 10
1066 19
1067 6
1068 7
1069 18
1071 28
1072 15
1073 19
1074 22
1075 6
1077 12
1078 70
1079 45
1080 20
1082 10
1083 7
1084 106
1085 6
1086 7
1087 14
726 16
1088 15
1090 38
1091 7
1092 10
1093 5
1095 94
1096 50
1098 4
1099 9
1101 17
1102 14
1103 4
1104 73
1105 13
1106 39
1107 4
1108 22
1109 15
1110 6
1113 27
1116 26
1117 26
1118 6
1119 10
1120 11
539 49
1121 5
1122 32
1123 10
1124 8
1126 5
1127 7
1128 9
1129 8
1130 6
1131 4
1132 11
1133 14
1134 23
689 43
1135 18
1136 29
1137 68
1139 15
1140 4
1141 40
1142 10
1144 31
1145 50
1146 10
1147 4
1148 34
1149 14
1151 20
1152 257
1153 49
1154 15
1155 9
1156 8
1157 7
1158 15
1160 27
1161 5
1162 30
1164 121
1165 4
1166 14
1168 17
1169 4
1171 4
1172 13
1174 28
1176 39
1177 74
1178 8
1179 12
1180 8
1182 10
1186 9
1187 49
1188 20
1189 7
1190 16
1191 5
1192 55
1195 11
1196 17
1197 14
1198 4
1199 13
1200 5
1201 12
1202 6
1203 11
1204 22
1205 30
1207 10
1208 13
1209 10
1213 20
1214 32
1216 6
1217 5
1218 9
1219 5
1220 6
1222 5
1224 14
1225 31
1229 9
1231 6
1232 7
1234 12
1236 14
84 5
1237 4
1238 6
1239 6
1240 4
1243 11
1244 4
1245 4
1246 5
1247 4
1248 7
1249 7
1250 13
1251 7
1252 31
1254 4
1256 13
1257 14
1258 4
1259 9
1260 5
1262 16
1263 5
1064 24
1267 14
1269 10
1272 4
1275 7
1276 38
1282 10
1285 45
1287 5
1288 14
1289 4
1290 22
1292 5
1299 6
1300 4
1301 5
1304 4
1307 5
1309 15
1311 7
1313 4
1318 7
1321 25
1322 4
1323 5
1324 10
1327 5
1328 4
1329 6
700 4
1333 11
1334 4
145 8
1347 5
1350 11
1352 21
1354 4
1358 6
1360 5
1363 7
1364 5
1365 8
1366 17
1370 6
1371 4
1372 8
1373 20
1374 4
1376 5
1378 10
1379 14
1381 5
1382 5
1383 8
1384 7
1385 4
1386 10
1387 9
1390 5
1391 4
1392 4
1395 4
1396 4
1398 4
1399 7
1400 8
1401 5
1402 5
1403 5
1404 12
1405 4
1406 4
1407 9
1408 11
1416 7
1417 4
1419 12
1423 5
1424 6
1431 4
1436 5
1437 4
1438 361
1441 4
1443 5
1454 5
72 4
1471 21
1483 67
1486 8
1492 4
1493 5
1496 7
1501 5
1511 14
1516 4
1522 7
1523 5
1525 5
1526 11
1529 6
1538 135
1540 52
1548 4
1549 27
1550 12
1553 5
1556 24
1558 8
1560 323
1561 5
1562 12
1565 18
1569 11
1570 259
1572 15
1573 6
1574 8
1575 5
1580 16
1584 5
1588 13
1589 24
1597 5
482 5
1601 12
1602 15
1604 5
1607 4
1608 5
1609 4
1612 22
1615 5
1621 7
1622 4
1623 7
1624 5
1625 10
1626 6
1627 4
1628 7
1630 5
1632 12
1633 4
1635 26
1636 6
1641 6
1642 4
1643 4
1649 4
1650 8
1652 6
1653 23
1654 12
1655 10
1656 23
1657 7
1660 4
1662 11
1663 17
1664 4
1665 4
1666 6
1667 15
1668 7
1671 5
1674 7
1675 4
1677 4
1678 4
1679 5
1682 4
1683 4
1687 6
1688 9
1689 5
1690 9
1691 9
471 8
1694 23
1695 4
1696 11
1697 4
1698 4
1701 4
1704 13
1705 4
1707 5
1708 10
1709 6
1710 4
1713 4
1715 8
1716 4
1717 6
1720 5
1722 9
1723 5
1725 6
1727 4
1728 13
1730 4
1731 7
1732 15
1735 4
1736 6
1737 10
1739 4
1740 5
1741 18
1743 4
1744 11
1746 8
1747 16
734 5
1749 7
1750 4
1751 4
212 5
1752 8
1753 4
1754 6
1756 11
1175 6
1757 10
1758 7
1759 16
1760 5
1762 14
1763 8
1764 5
1767 4
1768 14
1769 4
1771 21
1773 8
1774 24
1775 6
1778 8
1780 11
1781 6
1783 7
1784 4
1785 24
1786 10
1533 414
1787 24
1788 4
1791 4
1792 11
1793 5
1794 23
1795 5
1796 6
1800 6
1802 15
1803 16
1806 6
1808 11
1815 194
1816 14
1817 7
1820 6
1821 10
1822 7
1825 5
1826 7
1827 5
1828 5
1829 5
1830 4
1832 6
1833 9
1835 5
1836 20
1837 6
1838 6
1839 15
1840 7
1842 5
1844 12
1845 8
1846 10
1847 8
1848 46
1850 17
1851 35
1853 10
1854 4
1857 11
1859 10
1862 11
1863 4
1865 8
1866 6
1868 7
1871 4
1872 4
1874 4
1879 5
1881 9
1882 4
1884 5
1885 7
1886 7
1889 4
1891 4
1893 4
1895 5
1898 7
1899 4
1900 8
1645 7
1901 27
1902 8
1903 9
1904 17
1906 8
1909 21
1911 47
1914 21
601 21
1915 15
1916 13
1918 6
1920 10
1921 5
111 12
1926 6
1930 4
1932 6
1936 5
1938 7
1940 11
1941 4
1944 4
1946 7
1947 6
1950 5
1954 4
1955 4
1958 8
1959 49
1960 4
1965 4
1966 70
1967 7
1972 5
1974 16
1980 5
1986 4
1991 7
1997 40
2001 10
2002 5
2003 31
2004 13
2005 10
2007 5
2008 10
2009 24
2010 52
2011 9
2013 10
2016 47
2017 9
2018 16
2020 7
2021 9
2022 10
2023 4
2025 14
2026 11
2027 4
2029 14
2030 4
2031 5
2032 12
2033 5
2034 7
1466 314
2036 8
2037 36
1551 271
2039 12
2040 139
1559 183
2041 14
2043 4
2044 25
2045 54
2047 11
2048 7
2050 11
2051 7
2054 11
2059 23
2060 5
2061 9
2063 9
2064 24
2066 25
2072 7
2074 4
2075 6
1532 13
2076 6
2077 5
2078 8
2079 6
2080 5
2081 23
2084 9
2085 36
2087 4
2092 5
2093 7
2094 4
2095 7
2096 4
2097 9
2099 11
2100 5
2102 4
2103 5
2105 5
2106 5
2107 13
2108 6
2109 18
2111 22
2112 8
2114 23
2116 13
2117 5
2118 4
2119 4
2122 8
2123 6
2126 16
2127 5
2128 26
2132 8
2134 12
2136 4
2137 5
2139 4
2141 5
2142 4
2144 13
2145 8
2151 5
2152 9
2153 4
2154 4
2155 6
2157 15
2158 7
2159 37
1638 9
2160 9
2161 4
2162 10
2163 13
2164 26
2165 7
2166 24
2167 5
2169 19
2170 17
2171 6
2172 15
2173 6
2176 10
2177 6
2178 22
2179 9
2181 8
2182 10
2183 10
2184 7
2186 5
2188 43
2194 10
2199 6
2200 7
2201 4
2203 38
2205 14
2207 19
2208 6
2209 8
2211 11
2212 6
2214 261
2215 25
2217 39
2218 6
2225 133
2226 38
2227 18
729 139
2231 4
1534 283
2232 7
2233 12
2234 19
2235 7
2236 6
1487 165
1514 177
1543 25
2240 7
1729 32
2242 208
2245 15
2246 41
2251 12
2276 13
2277 8
2281 4
2282 5
2286 4
2287 7
2291 17
2306 4
2308 5
2332 9
2333 6
2334 8
2335 5
2338 16
2339 18
2341 6
2343 5
2344 12
2345 5
1494 13
2206 7
2347 6
2350 12
2355 4
2358 16
2359 108
2360 10
2049 9
2362 4
2363 21
2365 5
2368 8
2369 11
2370 15
2371 6
2372 24
2373 7
2374 12
2375 4
2376 13
2377 19
2378 8
2379 24
2380 5
2381 31
2395 19
2397 6
2398 8
2399 4
2400 16
2401 4
2403 7
2406 4
2409 4
2410 6
2411 4
2412 16
2414 5
2418 7
2419 8
2431 10
2432 4
2433 5
2434 14
2438 4
2439 5
2443 14
2445 5
2446 18
2450 4
2453 9
2454 19
2455 11
2458 8
2459 5
2461 14
2464 9
2468 5
1497 8
2470 4
2474 4
2476 4
2480 8
2481 15
2484 4
2487 10
2488 6
2489 14
2490 9
2491 4
2495 37
2499 5
2500 16
2504 5
2505 5
2506 10
2508 18
2510 9
2511 42
2513 17
2514 86
2515 31
2522 10
2523 12
2528 4
2530 4
2532 17
2533 4
2534 4
2535 6
2536 4
2538 4
2539 14
2541 9
2545 4
2547 4
2550 4
2552 11
2553 4
2560 4
2563 14
2566 4
2567 4
2568 4
2570 6
2572 5
2573 8
2575 4
2576 5
2578 4
2579 4
2580 15
2582 9
2586 7
2587 4
2590 5
2591 4
2592 7
2593 10
2594 4
2596 4
2598 6
2600 4
311 24
2602 10
2605 5
707 4
2607 11
2609 22
2610 12
2612 5
2613 6
2614 12
2615 20
2617 7
2618 8
2624 20
2629 5
2630 5
2631 15
2633 6
2634 6
2637 11
2641 10
2643 15
2644 5
2645 7
2650 16
2651 8
2653 29
2654 8
2655 29
2657 16
2658 11
2659 26
2661 9
2662 14
2663 12
2664 24
2666 18
2667 18
2669 10
2670 9
2671 13
2672 10
2673 13
2674 11
2675 16
2678 10
2679 7
2680 19
2681 9
2682 4
2683 32
2685 13
2687 7
2688 13
2689 22
2690 15
2691 28
2692 8
2694 5
2695 20
2696 6
2697 11
2698 8
2699 10
2700 11
2701 10
2702 13
2703 12
2704 7
2707 9
2708 20
2709 4
2713 9
2717 16
2718 15
2719 25
2720 36
2721 6
2723 4
2724 32
2726 6
2727 11
2729 20
2730 51
2732 7
2734 8
2735 28
2737 29
2738 6
2739 4
2740 4
2741 229
2742 17
2745 6
2751 7
2752 7
2753 6
2757 18
2761 6
2766 4
2768 5
2769 5
2770 6
2771 42
2772 10
2773 5
2774 4
2776 4
2781 12
2783 6
2786 8
2787 9
2788 5
2789 6
2790 14
2791 4
2792 10
2795 4
2802 76
2803 5
2804 9
2805 168
2216 95
2806 35
2807 11
2809 4
2812 5
2814 7
2816 6
2817 7
2819 5
2821 4
2324 5
2827 4
2828 10
2831 9
2836 5
2837 9
1610 18
2842 4
2843 5
2844 4
2845 23
2846 12
2847 5
2849 7
2851 19
2852 5
2854 7
2855 5
2856 7
2857 4
2859 4
2860 13
2866 8
2867 7
2870 13
2872 28
2875 10
2876 5
2877 4
2879 5
2893 5
2895 4
2897 6
2899 10
2903 5
2905 9
2907 6
2908 7
2909 17
2910 16
2911 6
2912 20
2916 9
2918 14
2920 4
2921 5
2923 32
2925 4
2926 7
2928 4
2933 4
2936 11
2940 5
2941 41
2943 8
2945 4
2956 4
2958 4
2964 4
2967 5
1467 11
2968 4
336 9
2974 8
2977 10
2984 4
2987 4
2312 11
2994 18
2996 6
3002 8
3013 4
3014 14
3017 19
3019 14
3020 25
3026 4
3029 4
3030 8
3034 18
3035 13
3036 4
3039 8
3040 14
3042 9
3044 4
3046 6
2325 13
3054 22
3055 4
3056 5
3057 7
3058 17
3059 4
3064 9
3066 6
1100 6
3071 4
3072 46
3073 9
3082 4
3083 4
3088 4
3089 10
3090 4
3093 8
3096 4
3098 8
3099 4
3102 6
3104 25
3106 14
3108 4
3109 4
3110 5
3112 4
3113 5
3114 5
3121 5
3122 8
1702 7
3126 4
1897 4
3128 15
3129 8
3130 4
3132 5
3133 9
3134 9
3135 6
3136 6
3137 7
3139 4
3140 6
3141 8
3144 4
3157 10
3160 4
3161 11
3167 4
3170 11
3171 5
3182 4
3190 7
3191 4
3194 4
3195 7
3197 10
3201 4
3214 8
3215 11
3216 5
3218 6
3223 16
3224 22
3228 4
3229 4
3232 5
3233 4
3234 6
3235 9
3236 4
3238 55
3239 39
3242 105
3244 4
3245 5
3247 6
3248 26
3253 120
3257 7
3261 4
3265 9
3267 7
3268 4
3269 9
3271 4
3273 4
3275 6
3276 9
3277 7
2448 13
1809 7
3283 4
3284 4
3290 4
3291 4
3292 13
3293 8
3295 16
3296 8
3297 4
3298 6
3299 9
3300 8
3301 8
3302 6
3303 8
3305 4
3307 5
3308 10
3310 5
3311 15
3315 4
3316 5
3317 7
3318 64
3319 11
3320 17
3322 4
3323 8
3324 12
3325 8
3326 9
3327 4
3328 18
3329 14
3330 4
3333 5
3336 22
3337 7
3338 8
3339 14
3340 32
3341 12
3344 5
3345 4
3347 9
3348 6
3349 4
3352 4
3353 4
3355 4
3356 10
3357 5
3358 4
3359 5
3360 5
3362 4
3365 5
3366 8
3367 4
3368 16
3369 4
3370 5
3371 9
3373 17
3374 5
1375 9
3376 6
3377 9
3378 8
3379 4
3381 7
3383 27
3384 6
3385 4
3386 6
2863 4
3387 13
1861 34
1864 10
3388 15
3390 5
3391 12
3392 15
3393 7
3394 7
3395 25
3396 3
3397 10
3398 5
3399 9
3400 15
3401 7
3402 4
3403 15
3404 8
3405 20
3406 5
3407 22
3409 4
3410 5
3411 17
3413 5
3417 5
3418 12
3419 5
3420 5
3421 13
3422 5
3423 11
3426 5
3427 4
3430 4
3431 10
3432 4
3433 14
3434 9
3435 8
3437 5
3438 17
3439 10
3441 8
3442 4
3443 22
3444 27
3445 7
3446 4
3447 5
3448 13
3449 42
3450 42
3452 13
3454 352
3456 48
3457 20
3458 8
3459 7
3460 26
3462 10
3463 20
1361 9
3466 7
3467 13
3468 11
3469 70
3470 11
3471 4
3472 13
3473 12
3475 7
3482 10
3483 4
3484 8
3485 11
3486 4
3487 15
2015 8
3488 7
3489 4
3490 7
3492 10
3493 11
3494 10
3495 16
3496 21
2055 17
3497 4
3498 7
3500 4
3501 6
3502 5
3503 6
3504 4
3505 19
3506 24
3507 13
3509 21
3510 20
3511 12
3512 4
3514 8
3515 7
3516 8
3517 4
3518 6
3519 24
3520 7
3522 8
3524 5
3525 4
3526 8
3527 7
3530 7
3536 7
3538 6
3539 4
3542 17
3543 17
3544 4
3548 6
3552 10
3554 11
3555 12
3556 4
3557 16
3558 5
3560 19
3561 8
3563 8
3567 6
3569 9
3570 14
1065 4
3571 7
3572 14
3573 12
3574 12
3576 4
3577 4
3578 30
3582 5
3584 24
3585 6
2024 33
3586 66
3588 10
3589 13
3590 31
3591 4
3593 44
3594 6
3595 10
3596 8
3597 45
3598 15
3599 15
3601 19
3607 7
3608 5
3609 4
3610 7
3611 6
3612 26
3613 9
3614 12
3617 6
3623 26
3625 7
3626 4
3627 4
3630 55
3632 5
3634 22
3638 30
3639 6
3642 4
3644 4
3645 7
3646 13
3647 77
3655 6
3657 31
3659 5
3660 6
3661 8
3663 14
3664 4
3666 9
3668 7
3669 12
3670 6
3671 8
3673 17
3675 4
3676 10
3677 21
3680 15
3681 14
118 5
3688 5
3689 15
3690 4
3692 8
3693 6
3696 17
3697 8
3698 4
3699 6
3705 4
3706 10
3707 4
3708 6
3710 4
3713 8
3715 5
3717 38
3718 4
3719 9
3721 6
1414 5
3724 44
3727 5
3728 6
3731 15
3733 9
3735 26
3736 6
3737 8
3742 18
3743 13
3744 5
3747 5
3750 15
3751 5
3754 4
3756 5
3757 23
3762 6
3763 6
3766 7
3768 4
3769 7
3770 5
3773 5
3776 6
3778 11
3779 16
3781 5
3783 6
3786 7
3788 4
3789 4
3791 5
3794 18
3799 4
3800 21
2430 12
3805 31
3806 4
3810 12
3811 15
3813 8
257 11
3814 5
3815 18
3816 7
3817 14
3818 5
3819 8
3825 14
910 4
3828 8
3829 9
3830 11
3831 23
3832 19
3840 5
3841 5
3843 4
3845 4
3846 20
3847 9
3849 5
3850 4
3851 8
3853 5
3854 14
3855 4
3857 33
3861 10
3866 11
3867 14
3868 5
3869 8
3871 15
3872 7
3873 4
3878 13
3880 4
3882 11
3887 14
3894 28
3897 6
3898 10
3899 27
3901 7
3902 7
3903 4
3904 17
3905 12
3908 11
3909 28
3910 10
3912 13
3914 6
3915 6
3916 32
3917 9
3919 14
3921 10
3923 5
3925 5
3926 15
3927 6
3930 8
3932 16
3937 17
3940 12
3942 9
3946 9
3947 6
3949 4
3950 6
3951 16
3952 5
3954 10
3955 6
3957 12
3958 4
3959 5
3960 12
3964 15
3965 9
3966 5
26 6
3970 22
3972 36
3973 5
3974 6
3975 6
3977 16
3979 16
3980 6
3981 6
3982 16
3983 4
3984 17
3985 5
3986 4
3987 4
3988 9
3989 6
3991 29
3993 30
3995 5
3996 8
3997 22
3999 10
4000 8
4001 61
4004 11
4012 4
4016 7
4017 23
4019 6
4020 8
4022 6
4025 12
4026 6
4028 6
4030 4
4031 17
4036 10
4042 17
2357 22
1855 6
4043 5
4045 4
4051 6
4056 26
4064 13
4065 11
4067 4
4068 4
4071 5
4073 6
4074 13
4075 6
4076 13
4077 12
4078 7
2317 8
4081 19
3566 24
4082 9
4084 9
4085 6
4086 7
4087 7
4089 5
4090 5
4091 5
4092 4
4095 9
4096 7
2767 176
4097 39
4098 32
4099 7
4100 15
4102 5
4103 4
4104 45
4105 4
4106 28
4107 10
3943 7
4108 13
4109 38
4110 8
4111 58
4112 12
4113 9
4114 4
4116 4
4118 8
4120 4
4122 4
4124 15
4125 8
4127 5
4129 15
4132 4
4134 13
4135 21
4136 10
4137 14
4139 6
4143 16
4144 16
4145 6
4146 6
4148 4
4149 4
4151 8
4152 13
532 147
4153 6
4155 9
4157 4
4159 6
4160 5
4161 14
4162 15
4163 50
4164 4
4165 107
4166 7
4167 22
4168 36
1542 291
4169 62
4171 74
4173 65
4175 4
4176 4
4177 7
4181 161
4187 11
4188 9
4191 17
4192 9
4194 6
4195 6
4197 6
4201 11
4203 27
4204 10
4208 4
4219 4
4221 13
4225 4
4226 6
4227 5
3929 10
4234 5
691 7
4235 9
4245 4
4246 6
1998 11
4251 6
4256 4
4258 27
4260 9
4267 6
4268 124
4271 9
4272 9
4273 9
4280 53
4283 19
4289 8
4290 4
4292 8
4293 11
4294 7
4296 5
4297 4
4298 7
4300 13
4301 5
4302 24
4303 6
4305 9
609 7
4307 4
4314 6
4316 8
4317 4
4320 4
4321 5
4322 4
4324 54
4326 10
4327 16
4330 14
4334 4
4340 7
4325 10
4364 4
4369 6
4377 4
4378 21
4379 6
4381 4
3415 12
4384 11
4385 141
4386 13
4389 33
4390 18
4392 36
4393 19
4394 4
4395 14
4397 20
4398 10
4400 26
1445 33
3755 22
4404 16
4406 30
4407 9
4410 15
4412 17
4419 4
4420 5
4423 6
4426 4
4428 4
4429 4
4431 8
4432 5
4433 5
4434 4
4439 7
4442 7
4445 11
4448 4
4451 26
4452 30
4453 4
4455 12
4456 4
4460 5
4462 6
4464 5
4465 9
4466 4
4467 4
4468 4
4469 4
4470 5
4471 4
4474 4
4475 4
4479 5
4480 5
4485 12
4489 9
4491 6
4492 5
4495 6
4503 4
4508 9
4511 5
4519 14
4522 6
4523 8
4527 71
4531 5
4534 10
4537 4
4542 6
4549 4
4552 4
4553 7
4555 10
4558 5
4559 40
4560 5
4561 6
4564 5
4565 6
4567 11
4574 5
4576 7
4578 5
4579 4
4581 5
4585 13
4588 12
4592 18
1896 5
4598 6
4600 5
4601 8
4603 6
4604 11
4605 13
4607 6
4608 5
4609 6
4611 10
4613 5
4614 22
2710 4
4616 5
4617 4
4618 42
4619 6
4620 37
4621 4
4627 51
4629 5
4630 11
4633 9
4634 10
4635 130
3701 22
4637 16
4638 6
4641 8
4644 4
4647 12
4649 17
3654 16
4661 4
4662 8
4665 11
4667 5
4668 15
4672 12
4673 7
4674 5
4676 5
4677 5
4680 4
4681 10
4684 16
4692 4
4696 6
4699 7
4700 9
4701 13
4702 4
4703 15
4704 4
4705 6
4706 4
4712 12
4717 14
4718 7
4719 5
4721 12
4722 5
4539 16
4724 5
4725 28
4726 6
4730 5
4732 4
4733 4
4736 4
4738 4
4739 4
4754 4
4756 4
4759 4
4761 7
4770 6
4777 10
4782 7
1721 6
4786 5
4787 4
4789 7
2042 97
4792 4
4793 4
4796 7
4797 4
4801 6
4802 4
4804 4
4806 10
4807 5
4812 20
2483 7
4813 11
4814 8
4816 13
4820 4
4821 7
4826 6
4828 4
4829 7
4831 12
4832 54
4833 29
4834 9
4835 7
4837 5
4838 4
4839 10
4841 22
4842 5
4844 6
4846 22
4847 12
4850 4
4851 15
4852 4
4853 6
4855 5
4856 4
4857 8
4858 19
4859 4
4861 10
4866 5
4867 10
4871 14
4872 10
3784 8
4874 5
4877 6
4879 4
4880 81
4883 31
4891 4
4894 6
4899 4
4901 31
4903 27
4904 6
4906 10
4907 61
4577 5
4911 5
4913 22
561 297
4917 8
4919 9
4920 6
4922 5
4924 4
4928 14
4936 6
4937 9
4945 11
4946 4
4947 5
4954 4
4955 4
4958 6
4959 50
4960 29
4961 4
4963 6
4967 8
4973 6
4986 6
4994 13
1692 6
5001 5
5002 7
5003 10
5004 6
5020 4
5025 4
3994 16
1557 11
5054 7
5060 11
5061 7
5062 14
5071 5
5074 5
5076 6
5082 4
5086 6
5088 12
5104 22
5112 10
5114 4
5115 7
5120 10
5123 11
5124 20
5125 9
5126 8
5131 17
2467 5
5133 28
5136 7
5137 8
5138 4
5139 9
5140 7
5141 11
5144 13
5145 9
5164 8
5165 11
5166 11
5167 15
5168 7
5178 6
5180 4
5182 10
5183 4
5184 7
5185 107
5186 4
5187 4
5189 7
2241 336
5190 4
5194 27
5196 6
5197 26
5199 6
4923 28
5203 7
5205 6
5206 4
5211 5
5216 7
5218 8
3765 5
5219 9
5222 9
5223 9
5226 32
5228 8
3641 6
5229 26
5230 10
5233 7
5241 6
5242 5
5244 6
5248 13
5249 4
5250 4
3665 5
5256 10
5258 4
5261 8
5264 10
5272 8
5274 17
5275 12
2310 34
5276 4
5277 34
5279 7
5283 17
5285 7
5286 9
5287 85
5288 154
5289 92
5290 12
5291 4
1801 142
5292 64
5293 91
5294 17
5295 39
1699 37
5296 47
5297 23
5299 6
5300 12
4593 12
5301 4
5304 9
5308 7
4645 6
3529 9
5309 6
5311 10
5313 5
5314 4
5316 7
5318 6
5320 4
5321 7
5231 13
5323 7
5325 6
5326 40
5329 4
5331 5
5333 7
5336 13
5338 4
1869 22
5340 9
5341 4
1415 6
5348 16
5349 5
5354 6
5355 6
5356 6
5358 8
5360 5
5361 4
5363 10
5365 83
5366 16
5367 4
5368 14
5372 5
5373 36
5374 34
5375 8
5376 4
5377 97
5381 4
5385 6
5389 4
5401 4
5411 9
5413 4
5422 4
5427 9
5430 9
5436 5
5437 19
5439 7
5440 44
5442 13
5443 4
5445 4
5446 8
5447 4
5448 8
5451 10
5452 5
5455 14
5457 15
5464 6
5466 5
5472 5
5474 4
5477 8
5482 7
5484 4
5485 4
5489 13
5498 6
5503 4
5509 4
5512 12
5515 4
5516 9
5521 9
5523 27
5528 7
5530 4
5532 7
5533 5
5534 5
5535 6
5539 19
5540 4
5541 6
5543 9
5544 34
5545 5
5547 5
5548 7
5549 10
5551 10
2862 16
5561 6
5565 12
5571 4
5578 15
5579 8
5580 9
5582 12
5583 17
5584 14
5585 4
5586 39
5587 6
5588 5
2321 6
5590 6
5593 7
5595 15
5596 13
5597 13
5598 21
5600 4
5604 21
5606 10
5607 13
5608 4
5609 4
5611 4
5612 4
4196 40
5613 4
5622 5
5624 18
5625 13
5629 10
5630 9
5631 21
5633 11
5635 10
5636 4
5640 22
5642 7
5643 11
5647 4
5648 4
5651 5
5652 38
5654 5
5656 59
5658 4
5660 4
5662 8
5669 19
5671 21
5674 6
5677 6
5682 32
5683 6
5687 6
5690 9
5691 7
5692 8
5693 4
5694 10
5697 5
5698 9
5699 15
5700 7
5703 3
5706 10
3615 20
5708 13
5709 47
5710 4
5711 9
5712 31
5714 4
5715 13
1261 8
5719 5
5721 6
5722 54
4734 7
5724 9
5726 13
5727 5
5728 18
5729 5
5730 5
5732 13
5733 4
5734 10
5735 6
5736 10
5737 11
5738 23
5739 5
5740 25
5742 7
5743 4
1748 5
5744 5
5745 4
5746 4
5748 7
5749 6
5750 6
5752 5
5753 14
1206 37
4101 12
5754 58
5755 7
5757 14
5758 11
5759 23
5760 31
5761 26
5762 8
5763 17
5765 23
5766 44
5767 12
5768 13
4875 23
5769 38
5770 8
5771 157
5773 5
5774 8
5775 16
5107 8
5776 5
5778 5
5779 20
5780 8
5781 5
5782 22
5783 4
1949 7
5784 6
4927 14
5785 16
5786 45
5787 8
5788 18
5789 6
5790 30
5791 4
5792 4
5793 6
5795 5
5798 26
5799 5
5803 5
5804 8
5809 34
5810 4
5818 8
5822 4
5825 12
5827 17
5830 4
5834 5
5838 7
5841 24
5842 6
5846 11
5848 4
5850 8
5851 7
5852 4
5853 7
5864 4
5867 5
5868 4
5880 9
5881 4
5882 4
5885 4
5886 17
5887 14
4079 16
5892 6
5893 5
5897 5
5899 9
5901 13
5904 4
2429 10
5906 4
5908 13
5909 4
5910 7
5913 5
5914 6
5915 10
5923 16
5928 15
5930 119
5934 12
5936 6
2482 19
5940 8
5941 9
4367 13
5945 10
5947 9
5948 9
5952 167
5953 27
5956 23
5959 8
5960 10
5962 6
5963 13
5966 4
5972 4
5973 11
5974 8
5980 7
5984 6
1125 8
5993 16
5995 7
6005 6
6011 5
6012 4
6015 20
6017 8
6020 4
6022 5
6023 8
6024 15
3730 6
6029 6
6031 30
6032 9
2088 17
6037 7
6038 5
6043 4
6049 4
6056 16
6059 7
6062 4
6068 8
6070 5
6073 7
6074 10
6075 64
6079 14
6080 6
6081 11
6082 7
6086 6
6087 9
6089 5
6092 24
6094 9
6095 5
6099 9
6100 4
6101 5
6105 10
6106 12
6113 7
6114 14
6116 6
6117 16
6118 4
6120 7
6127 8
6132 8
6133 4
6140 42
6142 4
6143 9
6146 4
6148 58
6149 23
6150 6
219 7
6153 5
6156 9
6157 4
6160 38
6164 8
6167 7
6168 6
6172 4
6176 11
6177 4
6178 5
899 4
185 11
6186 8
6187 10
3650 6
6190 9
6192 8
3803 5
6193 8
3808 5
6195 4
6197 10
6199 6
6202 4
6205 4
6216 5
6217 8
1595 9
6218 8
6220 5
6221 4
6223 48
6225 4
6228 12
6233 5
6234 7
6235 20
6236 4
6238 4
6247 5
6248 13
6250 5
6251 4
6266 4
6272 4
2929 15
6281 9
6283 4
6307 16
6316 6
6317 11
6318 24
6319 7
3491 6
6324 7
5113 6
6325 4
6328 9
6330 6
6331 9
6335 5
6341 9
2472 8
6344 4
6346 6
6351 4
6354 6
6358 6
6360 6
6364 4
6367 4
6368 5
6369 4
6372 7
6376 5
6377 4
6378 4
6379 14
6380 32
6382 33
6383 8
6385 5
6386 9
6390 4
6393 9
6395 7
6396 4
6397 5
6398 15
6401 4
6402 4
823 36
6403 5
6406 4
6408 20
2822 4
6409 4
6410 4
6411 4
6413 4
6422 5
6423 25
6426 7
6433 14
6435 5
6438 8
6440 5
6443 4
6445 4
6459 13
6460 4
6463 5
6465 4
6469 5
6470 7
6471 5
6474 10
6476 6
6479 4
6480 4
6482 8
6484 7
6487 7
6488 12
6491 55
6492 4
6493 6
6494 5
6495 5
6497 7
6500 43
6503 9
6504 4
6505 4
6506 5
6507 9
6508 34
6509 9
6510 9
6511 7
6512 10
6513 8
6514 8
6516 6
6520 7
6522 6
6523 17
6527 4
6528 4
6529 4
6530 10
6531 12
6532 8
6533 5
6534 5
6538 6
6539 21
6540 11
6541 5
6542 9
6543 6
6546 38
6547 4
6549 4
6551 6
6552 9
6554 6
6555 5
6558 4
6560 4
6562 11
6564 7
6565 54
6566 10
6568 4
6574 8
6575 4
6576 6
6578 5
6581 10
6584 4
6585 6
6586 5
6587 4
6589 5
6590 4
6592 7
2230 4
6600 15
6602 4
6606 4
2147 4
6610 21
6611 5
6612 14
6620 4
6622 15
6626 18
6630 7
4900 11
6632 4
6634 4
6638 12
6641 4
6643 10
1782 5
6644 10
6645 21
6647 4
6648 6
6650 8
6651 4
6653 6
6655 12
6657 8
1693 11
6659 16
6660 22
6661 8
6662 7
6663 11
6664 4
6665 7
6667 4
6668 9
6670 16
6672 5
6674 9
6675 5
6676 12
6680 56
6681 6
6682 6
6683 21
6686 6
6687 4
6688 5
6690 4
6691 14
6692 7
6693 6
6695 8
6696 4
6697 6
6698 7
6699 7
6702 42
6703 13
6704 90
6705 20
6706 7
6708 13
6713 5
6721 4
6723 16
6725 17
6726 4
6728 4
6729 19
6732 4
6733 5
6734 23
6737 14
5066 16
6739 13
6740 8
6741 13
6742 5
6743 4
6744 9
3565 4
6747 4
6748 6
6749 8
6750 5
6752 8
6753 4
6754 4
6755 4
6736 35
6756 5
6757 4
6759 8
6760 10
6761 26
6763 31
6766 22
2408 14
6767 4
6769 5
6772 10
1094 12
6773 22
6775 29
6777 4
6778 9
6779 5
6780 4
6781 4
6782 6
6784 18
6785 10
6786 16
6791 10
6792 6
6793 8
6794 9
6795 53
6796 24
6797 4
6798 12
6799 17
6800 5
6801 5
6803 7
6804 5
6805 19
6806 5
6807 10
6808 12
6809 10
6810 5
6811 13
6812 16
6813 6
5890 49
6814 7
6815 10
6816 7
6817 23
6818 5
6819 30
6822 4
6823 5
6824 6
6825 6
6826 14
6827 14
6828 6
6830 5
6832 15
6833 5
6834 25
6836 7
6838 31
6839 34
6840 18
6841 27
6844 11
6845 5
6846 5
6847 35
6849 82
6850 24
6851 7
6852 4
6853 14
6854 5
1184 4
6857 6
6858 4
6859 7
6860 5
4231 5
1617 5
6863 19
6866 11
6867 6
6868 6
6869 13
6872 25
6873 19
6876 39
6877 38
6878 5
6879 5
6881 7
6883 8
6886 13
6889 22
6893 6
6894 11
6895 10
6898 5
6901 10
6902 27
6903 10
6904 7
6905 27
6908 4
6910 13
6911 19
6912 5
6913 11
5933 17
6914 18
6915 12
6917 31
6919 5
6921 14
5357 38
6922 19
6923 9
6925 14
6926 4
6927 6
6928 14
6929 20
6931 10
6933 6
6934 7
6935 4
6936 7
6937 6
6938 40
6941 4
6942 4
6943 17
6947 22
6948 26
936 29
6951 4
1519 223
6955 4
6956 5
6957 66
6958 5
6960 6
6962 4
6963 5
6964 7
6965 37
6966 5
6968 28
3226 5
6969 20
6971 5
6972 5
6973 5
6974 4
6977 7
6981 4
6982 6
6983 5
6984 5
6985 7
6986 7
6987 28
6989 46
6990 11
6991 48
6992 26
6994 4
7008 8
6920 10
7009 20
7010 47
7011 5
7014 17
7018 4
7021 10
7022 4
7023 12
7024 14
7026 15
7028 13
7029 11
2253 8
7036 6
7037 5
7039 5
7040 5
7041 9
7042 64
7043 5
7046 6
7050 18
7053 23
7055 4
7058 8
7059 3
1484 4
7060 7
7061 12
7062 7
7063 10
7064 21
7065 5
7067 4
7069 8
7070 4
7071 5
7074 5
7077 12
7079 10
7083 4
7084 5
7085 10
7086 10
7087 32
7089 8
7090 4
7091 14
7092 10
7094 7
2765 8
7101 15
7103 5
7104 4
7108 4
7113 8
7117 20
7118 4
7123 10
7126 7
7129 5
4643 6
7134 9
4328 6
7136 6
7138 9
7139 8
3382 16
7144 10
7153 6
7156 6
4714 10
7158 11
7160 11
819 19
7164 4
7169 9
7171 20
7172 12
7174 5
7175 5
7176 5
7177 23
7181 4
7182 4
7183 6
7185 26
7187 6
7189 7
7190 11
7195 5
7196 4
7197 5
7198 7
7199 5
7200 4
7202 9
7203 19
7214 5
7220 21
7223 4
7225 4
1631 5
7230 10
7234 4
7238 4
7239 4
7246 7
7248 5
7249 8
3375 12
7257 5
7258 10
1867 29
7263 5
7264 4
7266 8
7269 6
7270 12
7274 5
7275 12
7277 7
7278 6
7281 6
7283 7
7289 4
7291 4
7294 13
7296 12
7300 52
2053 17
7305 6
1420 4
7320 12
7321 4
7322 4
7324 4
6758 4
7326 8
7327 8
7329 6
7338 14
7339 6
7341 7
7347 7
7354 8
6944 49
7358 31
7359 22
7367 29
7371 5
7373 6
7374 87
7375 6
7376 5
7377 4
7379 6
7380 34
7381 4
7382 11
5204 8
7384 4
6163 13
7385 6
7386 17
7387 8
7389 7
7391 5
7392 6
7393 14
7394 6
7395 5
7396 4
7397 13
7398 6
7401 5
7402 5
7403 4
7404 6
7407 15
7408 10
7411 14
7412 10
7414 5
6066 6
7415 8
7416 12
7417 5
7418 13
7419 7
7420 7
7421 8
7422 10
7424 12
7425 4
7426 5
7427 14
7428 7
7429 4
7431 11
7432 7
7433 5
7434 4
7435 10
7436 5
7438 5
7440 6
7441 4
7442 9
7443 4
7444 6
2668 31
7446 11
7447 18
1463 6
7450 8
7452 5
7453 10
7454 6
7456 8
7459 17
7460 4
7461 11
7463 12
7464 6
7256 14
7467 7
7469 12
6875 30
7471 16
7472 15
7474 5
7475 6
7476 6
7477 5
7478 11
7479 15
7480 7
7481 41
7482 8
7483 7
7484 5
7486 21
7487 36
7489 9
7490 5
7491 4
7493 5
6327 6
7495 5
7499 8
7500 18
7505 7
7508 15
7510 8
7512 5
7513 16
7515 5
7517 9
7519 11
7520 5
7522 6
7527 5
7528 7
7531 5
7533 7
7534 5
7535 4
7537 4
7538 8
7539 8
7540 46
7541 4
7544 7
7545 4
7546 18
7548 7
7549 18
7550 5
7551 4
7554 15
7556 20
7557 41
7558 4
7559 5
7563 11
7564 27
7567 42
7568 37
7571 5
7572 11
7573 6
7574 6
7575 9
7577 15
7580 20
7581 6
7582 14
7583 4
7584 9
7588 15
7589 5
7590 7
7591 6
7604 6
7615 8
7620 13
3865 21
7622 8
7624 4
7626 8
7630 5
7632 5
7633 4
7634 4
7635 6
7636 8
7642 7
7645 4
7647 4
7649 7
7650 6
7651 8
7652 8
7654 11
7657 19
7661 4
7662 13
7664 4
7667 4
7668 5
7671 6
7672 9
7673 9
7675 29
4182 11
7677 6
7682 6
7683 8
7684 28
7687 7
7688 9
7692 6
7696 4
7698 6
7699 7
7700 14
7701 18
7702 15
7704 7
7705 6
7708 4
7714 6
7715 5
7719 7
7722 4
7678 4
7725 5
7726 10
7727 32
7728 18
7729 12
7730 68
972 4
7732 6
7733 8
7734 12
7735 6
7736 34
7737 5
7739 9
7740 10
7742 24
7743 35
4794 6
7744 6
7745 12
7746 9
7747 6
7748 9
7749 7
7750 5
7752 5
7753 5
7755 8
7756 4
7758 6
7759 17
7761 9
7764 6
7765 7
7767 6
7769 8
7771 5
7778 5
7780 10
7781 5
7783 7
7786 10
7790 4
7794 7
7796 4
7797 7
1498 73
7800 7
7804 27
7805 6
4663 5
7806 4
7807 6
7809 5
7812 11
7815 12
7818 42
7819 13
7820 11
6907 7
7823 4
7831 6
7832 26
7837 4
7839 5
7840 4
2915 10
7842 17
7846 7
7847 4
7848 4
7849 4
7853 12
7855 21
7856 17
7859 4
7860 10
7862 26
7863 14
7864 4
7866 7
7867 5
7868 5
7869 7
7870 7
7871 6
7872 5
7873 6
7875 6
7876 12
5245 174
7889 6
7891 6
7892 17
7896 4
7897 13
7898 5
7900 5
7902 11
7903 4
7904 8
7910 18
7912 8
7916 5
4938 4
7921 14
7922 4
7926 4
7928 6
7929 6
7931 6
7938 6
7940 4
7943 4
7957 18
7958 5
7962 4
7963 19
7965 4
7968 7
7969 7
7970 6
7131 34
7971 4
7972 8
7973 8
7976 6
7979 7
7980 4
7982 6
7983 4
7301 4
7985 17
7986 5
7993 5
7998 16
7999 7
8001 22
2494 10
8003 25
8014 8
8021 4
8026 4
8027 5
8031 4
8037 4
8038 13
8041 9
8042 17
8044 4
8053 16
8054 6
8055 6
1555 47
8059 16
8061 23
8062 6
8063 11
8064 5
8067 4
8069 5
8075 17
8076 14
8081 4
8082 14
8083 5
8085 6
8092 4
8094 31
8095 19
8097 4
8099 4
8079 7
8107 4
8111 4
8112 4
8116 8
8118 4
8119 4
8120 7
8122 5
8123 28
8126 4
8128 4
8134 4
8135 10
8136 12
8143 4
7932 4
8155 6
8167 6
8176 17
8177 4
8190 5
6864 4
8202 6
8203 5
8208 4
8224 5
8225 4
8226 12
8228 8
8233 4
8234 5
8240 5
8247 12
8251 6
8252 4
8253 4
8254 9
8255 4
8257 4
8258 5
8259 5
8260 5
8264 10
8272 5
8275 7
8276 8
8279 4
8281 4
8284 4
8291 4
8294 4
8298 6
8306 6
8311 5
8312 7
8313 10
8314 11
8316 8
8318 4
8319 8
8321 6
8322 5
8337 14
8339 4
8342 4
8344 7
8348 5
8352 4
8355 8
8356 20
8358 26
8359 7
8360 4
8361 12
8362 5
8363 4
8365 6
8366 5
8371 6
6916 42
8372 15
8373 6
4524 6
8376 4
8379 5
8381 4
8382 9
8383 7
8384 5
8385 6
8386 4
8387 10
3628 15
8390 10
8392 4
8393 5
8394 4
8395 20
8396 9
8397 5
8401 5
8406 4
8408 4
8409 4
8411 4
8412 10
8414 7
8415 9
8416 4
8418 6
8424 4
8426 7
8433 4
8440 7
8443 17
8445 17
8450 5
8455 5
8456 10
8461 8
8465 15
8468 11
8471 6
8472 4
8474 10
8476 10
8477 5
8483 4
4093 5
8487 4
6885 13
8493 6
8496 6
8502 8
3745 4
8507 6
8508 14
8511 4
8512 9
8518 4
8519 15
8524 10
8526 5
7766 10
8527 4
8529 4
8530 13
8535 6
8536 7
8538 12
7121 26
8544 4
8545 11
8556 8
8558 6
8566 10
8571 5
8573 5
8579 8
8580 8
8581 5
8583 8
8585 15
8588 79
8591 5
8594 19
8600 21
8601 4
8602 32
8605 7
8608 5
8609 15
8610 13
8611 4
8612 4
8613 4
8615 4
8616 14
8617 9
8618 5
8619 8
8620 11
8622 7
8623 9
8624 12
8625 4
8626 4
8627 4
8629 4
8638 5
8640 4
8669 19
8674 4
8684 8
8685 7
8686 5
8688 5
8692 6
8693 4
8700 4
8704 12
8705 6
8196 11
8706 4
8710 11
8711 4
8714 5
8716 13
8719 4
8739 5
8746 4
8747 12
8755 6
8759 7
8760 10
8761 6
8762 11
8771 4
8778 15
8782 9
8783 5
8784 5
8785 5
8786 7
8787 4
8788 7
8790 4
8791 4
8792 6
8795 5
8799 11
8800 4
8801 6
8804 7
8806 33
6285 4
8809 4
8812 36
8813 4
8814 19
8817 12
8820 4
8821 4
8826 5
8829 4
8831 17
8066 18
8834 6
8876 6
8879 6
8881 5
8882 7
8885 5
8892 4
8894 5
8896 10
8897 10
8899 5
8900 7
8901 22
8902 22
8903 4
8904 10
8906 4
8907 7
8909 5
8910 4
8911 5
8912 14
8913 4
8914 93
8915 9
8916 5
8917 5
8919 6
8920 5
8921 6
8922 19
8923 39
8924 5
8925 5
8926 23
8927 5
8928 4
8929 34
8930 5
8932 4
6837 19
8934 4
8936 6
8937 9
8938 7
8941 6
8948 18
8951 7
8952 10
8956 8
8520 7
8968 10
8971 5
8976 4
8978 7
8991 7
9018 38
9020 4
9024 9
9025 7
9028 6
9032 6
9033 7
9034 4
9036 10
9038 4
9039 6
9041 7
1706 7
9044 13
9045 11
9046 7
9047 7
9048 6
9049 9
9050 4
9051 10
9052 4
3105 21
9054 5
9055 5
9056 11
9057 5
9059 5
9060 8
9062 11
9063 4
9066 4
9068 13
9071 83
9072 6
7911 97
9073 7
9074 27
9075 13
9076 16
9077 4
9078 90
9080 78
9081 4
9083 10
9084 6
9085 6
7218 12
9097 7
7267 26
6434 4
9099 12
9102 4
9107 4
9110 5
9128 11
9132 34
9133 6
9134 6
9135 4
9136 6
9138 12
9139 5
9148 7
9149 5
9150 7
9152 20
9153 10
9154 4
9155 6
9159 6
8974 12
9164 4
9166 5
9167 16
9168 8
9169 6
9171 4
9177 51
9179 6
9180 4
9181 4
9185 4
9194 9
9199 6
9206 5
9208 4
9210 8
9212 13
9214 4
9216 5
9217 5
9218 7
9220 6
9223 4
9225 15
9228 5
9232 6
9233 6
9235 5
9236 10
9237 6
9239 4
9241 4
9243 5
9244 5
9245 8
9247 8
9248 10
9249 5
9250 12
5525 28
9252 60
9253 5
9254 6
9255 4
9260 4
9265 4
9268 6
9269 4
9275 4
9276 6
9278 4
9279 9
9281 4
9282 19
6870 22
9283 5
9286 8
2873 5
9290 5
1339 5
9303 4
9306 6
9316 5
9320 7
8918 4
9322 4
5351 5
9325 4
9326 6
9327 4
9328 5
2901 4
9331 4
9332 5
9336 12
9340 4
9342 4
9344 4
9347 6
9348 6
9352 5
9353 10
7297 5
9360 9
9361 5
9369 21
6988 6
9374 43
9376 4
9377 4
9378 5
9379 16
9380 6
9381 5
9383 4
9384 5
9385 6
9386 11
9387 4
9389 9
9390 4
9392 34
9393 4
9394 4
9395 8
9398 9
9400 5
9401 6
9403 9
9404 5
9405 24
9406 4
9407 5
9408 6
9409 5
9412 4
9413 10
9414 9
9416 16
9417 8
9418 36
9420 8
9421 21
9422 5
9428 19
9429 4
9431 13
9433 6
9434 5
9437 5
9439 6
9441 9
9442 9
9443 24
9444 9
9445 4
9446 4
9447 9
8533 4
9448 7
9449 11
9451 6
9452 23
9453 6
9454 17
9455 7
9458 4
9459 4
9461 4
9462 13
9465 5
9466 12
9468 5
9469 5
9471 23
9472 5
9473 10
9474 5
9476 13
9477 7
9478 9
9479 4
9480 5
9481 5
9482 5
9483 8
9484 26
9486 5
9487 6
9488 19
9490 4
9491 7
9492 4
7295 43
9493 18
9494 5
9495 10
5097 4
9496 22
9497 9
9498 5
9499 20
9500 18
9501 111
9502 4
9503 9
9504 5
9505 19
9506 4
9507 20
9508 22
9510 20
9511 18
9512 4
9513 39
9515 9
9516 4
9517 12
9518 8
9519 40
9520 5
9521 12
9522 28
9523 9
9524 4
9525 4
9526 21
9527 10
9528 5
9529 20
9530 19
9531 7
9532 20
9533 12
9534 4
9536 6
9537 13
9538 9
9541 18
9543 4
9544 7
9545 14
9557 9
9566 5
9576 14
9584 5
9586 4
9589 5
9598 4
9610 14
9612 4
9622 7
9630 4
9643 14
9411 5
9645 5
9647 7
9649 5
9650 7
9654 7
9657 4
9661 4
9685 10
9695 11
9705 33
9706 5
9709 5
9711 42
9712 13
9734 4
9740 4
9747 4
9764 4
9767 5
9771 4
9775 14
9781 8
9783 9
9785 7
9786 5
9787 7
9791 11
9792 15
9793 8
9794 4
9795 22
9796 10
9797 12
9798 4
7114 8
7080 14
9799 6
1428 6
9800 5
9801 4
9802 26
9803 4
9805 19
9806 7
9807 4
9808 5
9809 9
9810 18
9811 11
9812 5
9813 13
9814 4
9815 11
9817 4
9822 5
9823 45
1060 9
9824 15
8058 10
9826 6
9827 16
9830 6
9831 4
9832 8
9833 4
9839 15
9843 8
9844 11
9845 26
9846 15
9848 6
9849 6
9850 4
9855 8
9858 5
9861 10
9863 8
9864 22
9865 24
9866 7
7219 5
9869 5
9870 6
9871 26
9872 7
9874 5
8016 8
9875 17
9877 5
9878 65
9879 52
9880 4
9881 11
9883 8
9886 13
9889 6
9890 27
9892 5
9893 11
9894 8
1571 6
9895 5
9897 4
9899 9
9900 15
4595 5
9903 8
9907 7
9910 5
9915 4
9916 5
9917 10
9920 5
9921 5
9922 5
8737 6
4319 4
9928 8
9932 6
9941 10
9943 4
9946 4
9947 5
9951 4
9952 7
9954 4
9955 10
4183 22
9957 5
9959 5
9962 4
9963 5
7695 28
9964 16
9965 6
7585 7
9967 5
9968 10
9969 11
4557 9
9970 8
9971 10
9972 10
9973 10
9974 13
9975 4
9976 7
9978 4
9983 19
9984 4
9985 5
9986 7
9987 7
9989 4
9991 4
3464 6
9994 8
9995 8
2293 6
2082 4
9998 16
10000 7
10002 7
10003 6
10005 27
10006 11
10007 6
10008 5
3795 6
10010 4
10011 6
10017 4
10020 16
10021 7
10022 6
10024 4
10025 8
10027 5
10028 7
10029 9
10030 14
10031 6
10032 4
10033 5
10034 5
10036 4
10038 6
10039 5
10041 6
10042 5
10043 5
6450 4
10044 5
10045 6
10046 4
10047 10
10048 20
8707 17
10049 4
10050 49
3168 6
10051 12
10052 41
10053 4
10054 6
10055 7
1648 5
10057 4
10058 7
2427 16
10059 4
3629 10
10061 24
10065 6
10067 9
10071 8
10073 4
10074 8
10076 9
10077 4
6454 8
10086 7
10089 8
10092 4
10100 4
10107 4
9273 7
10110 4
10111 13
10113 5
10115 10
10116 5
10118 4
10119 7
10122 6
10123 7
10124 6
10125 19
10126 11
10129 9
6582 4
10140 4
10141 5
10145 4
10151 9
10152 5
10153 8
10154 5
10155 9
10156 8
10157 4
10159 6
10161 12
10162 4
10165 5
10166 4
10168 4
10170 11
10171 7
10173 6
9424 5
10180 14
10181 12
10182 9
10186 6
10189 6
10190 8
10192 6
10193 5
10195 5
10197 4
10198 4
10199 9
10205 4
10208 8
10210 17
10211 8
10213 5
10215 23
10217 4
10220 13
10222 11
10226 5
10228 30
10229 4
10230 14
9043 14
10232 5
10234 4
10235 7
10236 4
10238 16
10241 6
10243 8
10244 7
10245 39
10246 26
10250 6
9040 12
10251 26
10254 4
10255 18
10257 13
10260 21
10261 5
10262 5
10264 5
10265 8
10267 6
10269 4
10270 5
10273 8
10279 5
10282 12
10283 15
10285 21
10286 19
7643 18
10288 12
10291 28
10292 5
10293 6
10294 13
10298 4
10299 16
10302 12
10303 16
10311 5
10315 5
10316 7
10318 4
10319 37
10321 4
10322 16
10324 5
10325 54
10326 17
10327 25
10328 40
10330 23
10332 7
710 7
10338 11
10339 12
10342 23
10346 6
10348 14
10350 18
10351 8
10353 7
10354 6
10355 8
10357 12
10358 8
10359 9
10360 18
10364 14
10365 9
10366 19
10368 17
10370 20
10371 12
10372 27
10373 5
10374 19
10377 8
10379 8
10384 5
10386 4
10388 26
10389 12
10392 4
10393 4
10394 58
10395 25
10397 13
9436 20
10399 9
10402 9
10404 36
10405 13
7096 13
10408 14
10409 6
10410 9
10411 24
9820 51
10414 13
10417 14
10420 15
10421 33
10423 12
10425 11
10426 16
10427 17
10429 8
10431 8
10432 5
10433 10
10434 26
10435 4
10436 4
10437 14
10438 56
10440 6
10442 9
10444 4
10445 33
10446 14
10448 19
10449 11
10450 5
10453 19
10454 11
10455 86
10457 7
10459 19
10460 6
10464 4
10465 6
10466 16
10467 12
8513 9
9070 61
10470 107
10472 5
10473 6
10474 11
10476 8
10477 4
10479 17
10480 12
10481 41
10482 16
10483 14
10484 39
10485 16
10486 20
10487 42
10488 18
10493 4
10494 5
10495 6
10496 7
10497 15
10498 6
10500 22
10501 4
10507 84
10508 15
10512 4
10515 4
10516 17
10517 5
10518 6
10519 8
10520 5
10522 6
10523 6
10524 15
10527 6
10528 14
10529 46
10530 60
10531 20
10532 7
10533 11
10534 30
10535 13
10536 10
10537 13
10538 4
10539 16
10540 20
10547 81
10549 17
10550 59
10553 5
10554 4
10556 13
10558 4
9825 170
10559 17
10562 6
10564 19
10565 16
10566 13
10568 4
10569 14
10574 15
10575 6
10576 6
10577 4
10578 16
10580 4
10581 12
5127 6
10582 9
10584 24
10585 5
10586 29
10587 6
10589 4
10590 9
10591 13
10604 6
10605 5
10607 6
10608 7
7810 11
10609 8
10610 4
10612 10
10613 5
10614 6
10615 4
10616 8
10617 9
10618 5
10619 9
10620 7
10621 6
10624 6
10625 18
10627 20
10628 7
10629 10
10630 9
10631 11
10633 4
10634 4
10636 5
10638 10
10639 12
10650 4
10653 4
10659 4
4509 8
138 5
10664 6
10665 15
10666 6
10667 7
10670 5
10671 8
10673 10
10674 21
10675 38
10676 6
10678 49
10679 15
10680 14
10681 4
10683 5
10684 5
10687 4
10689 4
10690 22
10691 5
3821 9
10693 8
10695 4
10696 5
10697 6
10699 8
10701 11
10703 4
10704 6
10705 5
10706 5
4403 6
10707 5
10708 6
10709 4
10713 6
10714 7
10715 4
10717 5
10718 9
10720 12
10721 7
10722 7
10723 6
10725 27
7124 18
9772 19
10726 5
10727 18
10728 8
10729 7
10730 15
10731 5
10733 28
10734 12
10249 11
10735 34
10736 8
10738 8
10739 12
10741 16
10743 21
10744 50
10745 4
10747 33
10748 4
10749 13
10750 27
10753 21
10755 39
10756 12
10757 11
10758 13
10759 14
10760 21
10761 7
10762 4
10763 5
7638 14
10764 12
10765 6
10768 21
10769 15
10770 28
10771 132
10773 5
10777 7
10780 4
10783 21
10785 17
10786 5
10789 9
2749 4
10791 4
10793 7
10794 7
10795 4
10796 5
10798 4
10799 5
10802 4
10803 6
10806 5
10807 34
10808 5
10809 4
10810 4
10811 17
10815 6
10816 5
10817 6
10818 5
9770 5
10820 8
10821 13
10822 5
10823 34
10825 4
10826 12
10828 14
10829 5
5271 15
10831 4
10834 6
9440 19
10837 31
100 7
5811 39
10838 6
5117 6
10841 22
10844 14
3682 5
10846 12
10847 9
10850 5
10851 10
10852 18
10853 18
10854 17
10855 8
10856 7
10857 12
3823 13
10858 11
10859 16
10860 6
7290 35
10861 9
10862 65
10863 8
10870 8
10871 4
10872 9
10873 11
10874 4
10079 5
10875 9
10877 6
10881 10
10882 4
10883 5
10884 6
10885 5
10887 6
10888 6
10889 6
10890 6
10891 6
10892 9
10893 5
10894 4
10895 4
10901 7
10902 4
10903 7
10904 7
10906 4
9143 4
10907 4
10909 6
10910 4
10916 20
10919 10
10921 4
10923 6
10924 6
10925 4
10926 5
10927 14
3173 4
4587 11
10929 12
9359 5
10931 5
10932 9
10933 10
10934 11
10936 8
10938 9
10941 4
7362 5
10942 13
10943 8
10944 4
10946 13
10948 6
10949 7
10950 11
10951 4
10952 6
9005 6
10953 20
10954 5
10972 14
10973 6
10974 4
5707 16
10976 5
10977 4
10800 15
10978 5
10980 6
10982 4
10984 7
10988 5
10995 6
10997 6
10999 5
11004 5
11005 7
11008 4
11009 14
11010 8
11012 4
10596 9
11015 4
11017 4
11019 7
11020 5
11022 7
11023 20
11026 20
11027 5
11029 5
7066 7
11032 4
11033 4
11035 10
11037 8
11039 15
11040 4
11041 8
11043 5
11054 9
11057 5
11059 5
11060 6
11061 4
11062 6
11063 4
11064 9
11066 9
11067 4
11069 3
11071 8
11076 4
11078 4
11079 5
11082 16
11083 35
11088 10
11090 7
11091 4
11092 4
8835 7
11093 19
11098 28
11099 4
11100 4
11102 4
11105 10
11106 34
11108 136
11109 6
11110 5
11112 8
11113 4
11114 24
11116 45
11117 8
11121 4
11129 4
11130 8
11131 6
11134 5
11136 4
11138 6
11141 4
11144 7
11146 6
11147 7
3812 9
3920 11
3739 6
11154 7
11155 4
11156 6
11157 9
11158 15
10075 4
11159 4
11160 5
11161 7
11163 5
11164 4
11166 4
11167 4
11168 5
11169 7
11171 7
11172 9
11173 6
11177 12
11178 6
11182 10
8729 4
11183 4
11184 9
3649 17
11187 5
11188 6
11189 10
3826 7
11191 12
11192 8
11193 7
11194 15
11197 6
11199 4
11200 5
11201 4
11203 15
11207 4
11209 10
11211 4
3687 5
868 4
11219 8
11220 4
11226 10
11231 4
11233 12
11241 4
11243 4
11244 4
11245 4
11246 5
11247 9
11248 4
11250 4
11254 5
11256 7
11257 4
11262 5
11270 7
11271 5
11277 5
11284 9
11285 10
11287 15
10268 27
11291 5
11293 5
11296 5
11301 5
11302 4
11303 13
11304 4
11308 9
6764 14
11309 9
11310 9
11311 8
10266 18
11313 13
11314 13
11315 4
11316 4
11317 7
11318 5
11319 6
11320 61
11321 5
11322 12
11323 7
11324 8
11325 7
11326 5
11327 33
11329 6
1700 15
1684 4
11330 6
11331 6
11332 11
11333 7
11337 5
11338 7
11339 12
11340 21
11341 4
11342 5
11343 6
11345 7
8828 17
11347 4
11350 7
11352 5
11356 8
11372 17
11384 14
11397 4
11412 5
11420 7
11422 6
11429 6
11430 5
11433 5
11437 5
11439 5
11441 4
11442 8
11444 7
11447 4
11448 4
11453 8
11454 12
11455 5
11459 4
11461 4
11463 9
11464 13
11465 4
11467 4
11469 4
11471 8
11473 5
11476 4
11479 5
11480 5
11481 4
2086 8
11485 7
11489 6
11490 4
11491 12
11492 5
11493 5
11495 6
11496 4
11077 5
11497 5
11498 4
11502 6
11504 8
11505 4
11506 4
11507 18
11508 7
11509 6
11510 4
11511 5
11513 4
11514 11
11516 7
11517 4
11518 4
11519 6
11521 10
11523 5
11524 4
11526 31
11527 5
10087 11
11528 4
11529 8
11530 5
11531 8
11533 15
11539 8
11540 8
11545 16
11546 10
11548 6
11549 6
11550 21
11552 4
11553 5
11555 4
11558 8
11559 9
11560 13
11564 4
11567 5
11568 10
11570 10
11571 7
11572 8
11573 8
11576 5
11577 6
11578 13
11579 7
11580 9
11582 4
11583 4
11584 4
11585 10
11586 4
11587 6
11588 5
11589 9
11590 6
11591 6
11592 11
11593 7
11594 6
11595 7
3243 24
11596 9
11597 5
11604 8
11605 7
11607 4
11612 7
11614 6
11620 8
11625 4
11626 4
11627 4
11631 4
11633 12
11635 5
11636 11
11638 18
11639 6
11640 9
11641 4
11643 9
11647 140
11663 5
11685 4
11687 4
11693 12
11699 4
11701 5
11703 12
11705 5
11708 4
11710 5
11714 4
11715 4
11716 4
10256 9
11718 4
11726 5
11727 4
11729 4
11730 5
11732 6
11737 11
11739 8
11740 30
5911 22
9430 8
11744 11
9438 11
11745 4
11747 11
11344 14
11758 4
11762 4
11767 4
11769 4
11770 6
11774 4
11775 19
11779 10
11783 8
11784 20
11785 6
11787 4
11790 9
11791 17
11794 17
11797 17
11798 32
11799 5
6722 7
11802 6
11805 10
11807 16
11808 4
11809 9
11811 9
11813 17
11814 29
11815 5
11820 10
11821 8
11822 21
11823 5
11824 4
11825 5
11826 13
2073 11
11829 8
11830 29
11833 7
11836 9
11837 4
11838 14
11839 4
11841 6
11842 11
11843 11
11844 56
11846 5
11850 5
11854 4
11856 4
11857 5
11858 4
11860 21
11862 5
11878 5
11879 4
11881 10
11882 10
11885 4
11888 8
11890 5
11891 4
11898 11
11899 7
11909 4
11910 11
11914 4
11932 9
11936 11
11946 15
8811 7
11948 4
11950 10
11952 6
6945 10
11955 11
3658 4
11960 4
776 6
11961 4
11964 5
11967 4
11968 5
11969 4
11970 4
11973 7
11974 5
11975 4
11976 18
11977 8
11978 8
11979 18
11618 6
11984 5
11988 20
11989 6
11991 5
4391 10
11993 13
11994 4
11995 5
11996 13
7757 10
11997 29
11998 4
11999 26
12001 9
5193 14
12004 24
4596 8
12005 16
12006 5
12021 7
3709 4
12030 24
4 8
8 5
12 4
15 4
16 7
17 11
18 5
19 4
5315 24
23 6
24 9
30 9
33 4
8532 18
43 5
46 4
60 4
66 7
68 13
6950 10
69 5
70 26
75 7
76 14
81 23
86 4
89 7
90 5
92 4
96 15
6477 16
101 5
104 7
105 5
107 10
108 8
10037 6
256 6
274 4
7027 5
359 5
375 4
380 4
397 5
400 7
418 4
420 6
437 4
440 6
442 4
443 4
448 4
450 8
460 10
462 4
479 5
485 6
518 6
524 6
547 4
549 4
550 12
551 5
555 4
558 4
575 7
580 4
590 8
599 5
603 7
606 13
608 8
611 11
615 17
2239 23
618 8
619 5
620 6
622 5
624 4
625 12
627 6
633 8
637 5
651 4
652 19
655 5
658 10
660 4
666 5
669 4
671 4
674 4
675 46
676 9
677 5
681 8
684 12
685 6
686 4
692 5
698 13
712 4
714 4
715 17
716 4
718 8
723 4
725 7
728 4
744 6
7754 14
752 8
1173 10
754 15
757 16
758 6
763 4
765 4
767 15
770 4
771 9
772 4
11124 4
777 8
779 5
782 19
9196 10
786 14
788 4
790 6
795 14
797 4
3412 14
804 7
805 11
11011 8
807 18
815 5
837 4
842 11
850 4
851 37
854 4
856 6
858 7
859 5
867 8
916 5
922 4
942 5
947 9
971 7
987 4
988 8
996 7
5191 9
999 13
1002 4
1003 7
1006 4
1007 25
1008 5
1009 7
1015 4
1017 5
1018 10
1021 4
5220 4
5224 5
10886 4
1026 10
1027 16
1029 16
1031 4
1033 4
1040 6
1041 9
1043 5
1046 4
1047 4
11645 16
1076 13
1138 27
1143 4
1150 10
1159 16
6154 10
1163 13
1167 6
1170 6
5536 5
10416 20
1181 16
1193 6
1226 6
1227 4
1228 4
1241 4
1268 14
1271 4
1274 4
1284 4
1293 7
1294 4
1295 5
1296 4
1298 5
4710 5
1302 4
1310 6
1315 7
1316 19
1317 4
1319 10
2364 9
5090 4
1325 19
1330 11
1331 5
1332 7
1335 6
1336 5
1337 4
1338 5
1340 4
11123 6
1341 8
1342 14
1343 9
3725 6
1344 5
1345 28
1346 15
1348 5
1349 5
2354 7
1351 13
1353 12
1355 4
1356 12
1357 4
1359 4
1362 5
11877 4
4401 16
1380 14
7691 48
1388 4
1393 8
1394 8
1397 5
1409 4
1410 4
11782 8
1412 11
4094 5
1425 4
1429 4
1432 4
1433 4
1434 5
1439 4
1442 4
1444 4
6727 11
2485 6
1450 4
6415 4
1453 5
1455 9
1457 35
2014 9
1459 17
1460 4
1461 7
1462 6
1468 6
1470 6
1472 15
8407 6
9435 9
1473 7
6930 24
1478 37
1479 7
1480 15
1485 4
1488 4
1490 6
1495 5
1499 4
1500 9
1505 4
1506 8
1507 7
1508 9
1510 24
1512 6
1513 4
1515 4
1517 4
1518 4
1520 4
1521 6
1544 11
1545 15
713 4
1581 6
1582 5
1583 5
1585 5
1586 6
1593 4
1594 5
1598 8
1600 5
9419 9
1611 14
1640 9
1651 5
1676 7
1718 5
1719 4
1724 21
1726 10
1733 7
1742 4
1745 5
3888 4
1755 4
1761 4
1765 4
1766 4
1776 13
1777 17
1221 14
4862 5
1790 6
1797 5
1799 7
1811 9
1812 7
1814 7
1818 6
1831 14
1834 7
1841 44
10344 214
1849 7
1852 6
1856 4
1858 5
1860 6
2275 7
1880 5
1883 4
1887 17
1888 7
1890 13
1905 4
1907 4
1908 5
1912 4
1917 4
1919 7
1924 5
1305 4
2858 8
1929 7
1931 18
1933 4
1934 4
1935 4
1939 6
1942 4
1943 6
1945 5
1948 6
1951 7
1952 6
1956 9
1957 6
1961 9
1962 4
1963 14
1964 4
1968 10
1969 17
1970 4
1971 10
1975 9
9535 13
1977 8
1978 10
9475 69
1979 13
1982 11
1983 5
1984 55
1988 35
1989 78
1990 9
5686 90
1992 10
7017 4
1993 21
1994 124
1995 13
1999 4
937 15
2006 4
2012 4
2035 8
8630 5
2038 5
10611 6
2052 8
2056 4
2057 8
2058 4
2062 5
2065 5
2067 8
2068 6
2101 20
2104 35
4409 28
2113 14
2115 64
2120 6
2121 7
2129 79
2130 6
2131 9
3775 12
5094 7
2140 7
2143 5
2146 6
2148 24
2149 4
6349 4
5251 4
2174 25
7503 5
2189 5
2193 4
2195 18
2213 7
2219 4
2220 8
2221 6
2222 55
2223 7
2228 14
2229 18
2237 4
2238 25
2243 4
2244 5
2247 7
2248 5
2252 24
2255 6
2256 4
2257 11
2258 7
2259 6
2262 5
2263 8
2265 11
2268 42
2270 21
2272 12
2273 10
2274 5
2278 19
2279 4
2280 4
2283 7
2285 12
7097 12
2288 6
2294 4
2295 5
2296 4
2297 17
2298 4
2303 6
2305 4
2309 4
6601 8
2314 5
2316 17
11818 8
2320 4
2323 4
2326 6
2328 5
2329 12
2331 4
2336 9
2337 6
2340 5
2150 4
2342 26
2346 9
2348 7
2349 8
2351 10
2356 4
2361 5
2192 13
2366 4
2382 4
2383 6
2384 4
2385 6
2391 5
2392 4
2393 7
2402 15
2404 4
2415 8
2424 5
2428 5
2435 4
2440 5
2444 4
2447 4
2449 8
4382 6
2463 4
2465 6
2466 28
2469 16
2028 6
2471 31
2475 6
2478 8
2479 6
8543 5
2486 6
2492 4
2496 5
2501 7
2503 5
2507 5
2512 9
2529 5
2531 7
5310 8
2537 4
2540 4
2542 9
2543 16
2544 4
2546 6
2548 4
2551 5
2554 4
6932 11
2555 4
2556 5
2557 5
2558 4
2559 4
2561 4
7924 4
2562 6
2564 6
2588 4
2606 5
2608 9
2616 10
2620 4
2623 9
2625 7
2626 3
2628 4
9280 5
2632 5
2635 18
2636 16
2638 4
2640 4
2642 4
2646 6
2648 4
2649 10
2656 16
6880 4
2665 8
2676 4
2677 4
2684 6
2686 7
2705 4
2711 4
2715 21
2722 4
2725 18
2733 7
2736 17
2743 4
2744 6
2747 4
2748 6
2750 4
2755 15
2756 4
2764 4
7032 10
2778 11
2779 5
2785 4
3528 11
2793 4
2386 4
2794 7
2796 31
2797 13
2798 6
2799 4
2800 11
454 7
2516 11
2808 4
2810 6
2811 7
2813 6
2815 10
2823 5
2824 7
2829 9
2830 4
2834 33
2841 5
2848 4
2853 5
2861 10
2864 8
2865 5
2868 5
2869 5
2878 13
2880 4
2883 5
2886 5
9836 39
2888 11
411 6
2891 6
2892 9
2896 4
2898 4
2900 5
2906 20
2913 21
1469 13
2917 4
2919 4
2922 6
2927 7
2930 26
2935 4
2937 5
2938 5
2944 22
2946 6
2950 7
388 12
2954 30
2957 8
2961 6
2962 4
10419 4
2965 5
2966 28
8213 5
2969 5
2972 5
2973 5
2975 4
2980 8
2983 8
2988 4
2989 4
2990 8
2992 26
2997 6
3000 18
3003 4
3004 9
2271 14
3007 10
3009 28
3015 4
3018 9
3021 12
3023 12
3024 4
3025 4
3027 4
9170 9
3028 9
3031 6
3032 7
3033 7
3037 14
3038 9
3041 7
3043 4
3045 6
3049 13
3050 5
3051 11
3052 8
3053 7
3060 4
10752 4
3061 7
3062 8
3065 4
3067 6
3068 8
3070 6
3074 6
3075 4
3076 5
3077 4
3078 8
3079 10
3080 4
3081 6
3084 4
9375 5
3087 6
3091 4
3094 6
3097 34
3100 5
3116 4
10023 10
3119 6
3120 7
3123 13
1928 6
3125 4
3127 10
3131 5
3146 12
3148 6
3154 4
3158 5
3163 5
2417 15
3166 4
3169 4
3172 5
3174 6
3177 6
10187 8
3180 5
3181 6
3183 8
3184 6
3185 23
3186 5
3187 7
3188 10
3189 7
3159 17
3203 5
3205 12
3206 7
3207 4
3209 8
3213 5
3217 7
3219 6
3220 4
3222 4
3225 5
3227 10
2191 7
3246 10
3249 6
11196 7
3250 6
3251 9
2423 4
3254 4
3255 8
3256 5
3258 8
3259 26
3262 7
3266 17
3270 4
1185 4
3272 4
3278 5
3285 6
3304 12
3313 4
3321 22
3331 5
3332 4
8970 4
3334 5
3335 4
7095 5
3425 4
12000 4
4501 10
3440 7
2135 6
3453 5
3455 5
3461 8
3465 4
3474 22
2884 12
3476 8
3477 6
3478 4
3479 5
3481 4
10922 5
3531 7
3532 4
3533 4
3535 4
3540 4
3545 5
3546 5
3547 4
3549 8
3550 9
3551 4
3553 6
3559 10
5649 4
3580 5
3587 18
3600 4
3618 4
3702 5
9717 5
3640 7
3643 6
3648 4
3651 4
6906 5
3653 25
3678 5
3683 4
1566 5
3716 24
3729 4
3732 5
3740 7
3746 6
3748 11
3749 4
3752 5
3753 5
8040 14
3758 4
3759 4
511 7
5210 6
3761 7
3764 4
3767 5
3771 8
7423 11
3774 4
3777 4
3785 5
7955 15
3787 7
3790 5
3792 7
3793 5
3796 5
3798 5
3801 6
3802 4
3804 4
3820 4
3824 41
3992 5
3836 9
3839 4
3842 9
2759 11
3844 8
3858 4
5599 26
4615 8
9022 5
3863 14
3864 4
3874 5
3879 5
3883 6
3886 4
3890 17
3891 6
3893 11
3895 4
8457 4
3906 12
2190 12
3931 15
3944 4
3953 11
3956 4
766 7
3961 6
1894 8
3967 4
3971 4
635 6
3998 4
4002 8
760 4
4006 4
4009 5
4021 5
4023 8
11884 5
4582 7
4024 8
4032 9
4035 5
10561 5
4037 5
5815 5
4038 14
4039 7
4040 13
9035 6
4044 12
4046 14
4047 4
4049 20
4052 5
4053 4
4054 4
4055 32
4057 7
4058 25
4059 4
4063 7
4066 4
4069 6
4070 4
4072 63
4083 5
4088 4
4117 4
4121 5
3063 8
4123 4
4126 5
4128 4
4138 12
4141 7
4147 4
4154 5
4158 9
4180 4
4189 14
4199 7
4200 8
4202 13
4205 4
4206 15
4209 4
4210 5
7390 10
4212 8
4214 6
4215 11
1577 8
4216 18
4220 4
4222 7
4223 5
4224 9
4228 5
4229 14
4232 4
4237 5
6843 4
4238 5
4241 4
4243 4
4247 9
4249 5
4253 4
4259 7
4261 4
4262 8
4264 20
4266 15
4278 9
4279 4
4282 6
623 6
4286 5
4287 6
4288 11
4306 5
4311 4
4315 4
2497 4
4329 11
4331 4
4335 11
4336 6
4338 12
4339 40
4342 5
4343 9
4344 5
4345 12
4348 5
4354 7
4355 5
4356 7
4357 4
4365 4
3797 5
4370 4
4376 4
4421 5
4435 4
4441 15
4443 4
4444 18
4449 4
9082 5
4454 4
4457 5
4459 7
4486 14
4487 4
4490 8
4493 5
4494 5
4496 6
4497 5
4498 4
4499 6
4502 4
4504 5
1489 9
451 11
4505 5
4506 4
1440 5
7825 4
4535 5
4556 4
5214 8
4562 6
1230 7
4908 7
4573 4
4575 19
4580 4
4584 14
4586 4
4589 6
4590 8
4591 4
4597 6
4602 6
4606 4
4612 4
4623 4
4624 6
4625 8
4631 6
4632 5
4636 6
4639 8
4640 14
4642 18
4646 5
4651 13
4652 4
4655 14
4656 6
4657 10
5078 7
4659 4
4660 4
4664 6
4669 5
4670 7
9769 7
4678 5
4682 9
4683 9
4685 9
4689 5
4690 7
4691 4
4693 5
4694 18
4695 10
4697 6
4707 7
4708 4
4709 4
4713 28
4716 5
4737 6
4740 10
4741 21
339 8
1644 7
4744 17
4745 7
4749 6
4753 13
4755 6
4758 25
4760 167
2249 5
1987 39
9079 17
4762 7
4763 5
4764 4
4765 27
4767 12
4769 7
4771 5
4772 28
4773 51
4774 4
4775 5
4776 13
4778 5
957 20
4783 8
11204 5
4798 4
4815 4
4817 4
4822 6
4830 6
4843 4
4845 4
4854 7
4863 13
4865 6
4868 9
4870 4
4873 4
4876 12
4878 5
4881 10
4884 7
4887 6
4888 21
4889 4
4890 4
4896 5
4897 10
4898 12
4902 4
4909 5
4910 5
4912 4
4914 5
4915 5
4916 5
10603 6
4926 16
4931 13
4934 6
4943 8
4948 6
4949 124
4951 8
4956 15
4962 4
4964 6
1976 40
4968 5
4975 54
4979 41
4980 7
4985 8
4989 8
4991 9
4993 7
4998 5
4999 19
5000 4
5005 10
5006 4
5007 11
5008 5
5014 6
5019 5
5021 11
3726 5
5034 4
5036 18
5042 7
5043 4
5044 6
5046 14
5049 22
11283 7
5055 13
5057 9
7880 17
5063 8
5065 11
5069 6
5070 8
5072 4
5073 9
5080 4
5081 4
5083 7
5084 4
5085 14
5087 12
5089 7
5092 16
5095 14
5096 4
12007 8
5098 5
5101 9
5102 8
5103 6
5105 7
5106 11
5110 8
5111 4
5116 4
5118 10
5119 9
5122 4
5128 10
5132 6
5134 23
5135 6
1377 58
5142 5
5147 4
5148 11
5149 4
5150 4
1368 7
5152 16
4170 94
5153 6
5154 23
3416 14
5155 62
5157 28
5159 9
5160 7
5161 5
5476 10
5162 17
5163 7
5170 7
5172 6
5173 13
5174 4
5175 10
5176 5
5177 6
5195 8
5200 5
5209 5
5212 5
6135 7
7939 5
5227 4
5234 10
5235 6
5238 4
7179 4
5239 12
5240 4
5243 9
5246 5
5253 4
5254 5
5257 4
5259 4
5262 12
5263 6
5265 4
5266 5
5268 5
5269 13
11488 6
5273 5
5278 4
2981 6
5280 4
5281 6
5298 4
5302 22
5303 16
5305 6
5312 11
5317 6
5319 14
5322 5
5334 6
5335 7
5342 4
1303 4
5344 5
5345 4
5346 5
5352 12
5353 6
8212 9
5362 10
5364 14
5378 8
5379 5
5382 6
5383 5
5386 5
5387 4
5388 5
5391 5
5392 4
5393 9
5394 5
5397 4
5398 4
5399 4
5400 8
5403 6
8607 32
5405 10
5407 7
5408 32
5410 15
5414 4
5415 4
5416 6
5417 12
5420 7
5426 8
5432 4
5434 13
5435 6
11031 4
5438 4
5441 5
5454 4
5456 4
5460 22
5473 4
5475 7
5478 13
5479 4
5480 5
3976 4
10692 3
5491 11
5493 6
5494 5
5495 5
5496 4
5497 9
5511 7
5514 8
5518 7
9701 4
5527 17
5531 9
5546 6
5553 5
5554 6
4566 7
5555 13
3633 5
5556 6
5557 6
5558 4
5559 4
5562 9
5563 6
6297 4
11816 14
5566 7
5568 4
2838 19
5581 6
3712 5
9026 10
5592 13
5594 11
5601 5
5602 12
5610 5
5614 28
5617 7
5618 4
5623 5
8238 6
10983 6
5632 30
5637 5
5645 5
5650 5
5653 4
5655 8
4062 10
5657 5
5661 4
5663 4
5664 7
4711 9
5665 11
5667 4
5670 8
5672 17
5675 4
5676 4
5678 4
5680 5
3963 7
3667 4
5965 5
5688 4
5689 4
5695 6
5696 5
5704 4
5705 9
7886 79
5716 4
5717 4
5449 4
5723 9
5731 5
5741 6
5747 4
5751 4
5764 6
5772 4
11162 5
11165 4
5794 4
5796 6
5797 5
646 10
5800 4
5801 4
9818 15
5802 9
5806 4
5807 4
11457 4
5808 4
6953 10
5814 6
5817 18
5819 4
5821 4
5823 6
5824 7
5831 10
5835 13
5836 11
5171 5
8460 10
5839 5
5840 6
5843 5
5844 11
5845 10
5847 5
5849 9
5856 5
5857 5
5859 4
5860 5
5862 4
5865 12
5873 4
8307 6
5884 28
6738 6
5894 4
5075 8
5529 5
5916 4
5917 10
5918 4
5920 10
5922 4
3822 12
5924 6
5926 29
5929 4
5931 5
5937 10
10571 4
5938 5
313 4
5944 5
5954 9
5955 22
5957 15
3679 5
5958 8
5961 7
5967 11
5968 33
5969 8
5970 4
5971 4
634 4
5975 5
5976 10
5977 5
5978 31
5979 6
5981 8
5982 11
5983 7
5985 4
5986 20
5987 11
5988 15
5989 13
5990 12
5991 10
5992 5
5994 22
5996 6
5997 4
5998 15
5999 5
6000 5
6001 5
6002 4
6003 5
6004 4
6006 5
6007 27
6008 19
6009 16
6013 9
6014 4
6016 9
6018 5
6019 5
6025 10
1953 7
6027 4
6030 40
6034 4
6035 4
6036 9
6039 5
6041 5
1599 24
6042 4
6044 5
6045 4
6046 8
6047 4
6050 7
6051 4
6052 4
6053 4
6055 14
6057 4
6061 7
6063 15
6064 6
6067 4
10158 15
6072 7
6083 10
6084 9
6090 10
6097 7
9912 11
6102 6
6104 5
6112 5
6115 4
6121 5
6125 4
6128 4
6136 8
6137 7
1502 10
6138 5
6139 5
6144 4
6145 20
6147 17
6151 7
6152 7
6155 4
6158 6
6159 5
6162 5
6169 4
6170 11
6171 4
6173 7
6174 13
6180 5
6181 4
6182 4
6183 4
3192 9
6185 5
6188 9
6189 4
6191 4
11761 5
6194 5
6196 16
6198 4
8794 11
6201 6
6203 5
6204 8
6206 5
5872 4
6207 4
6208 5
6209 8
6212 5
6215 5
6224 10
6226 5
6229 5
6231 28
6232 6
6240 6
6242 5
6245 4
6254 6
10779 5
6257 6
6259 18
6260 4
6261 10
6264 13
6265 4
6267 8
6268 4
6276 4
6278 9
6286 5
6287 8
6290 11
6291 5
5108 13
6294 5
6296 4
6299 8
6300 4
6302 4
6303 7
6304 9
6305 10
6306 6
4411 5
6308 10
6309 6
6310 6
6311 11
6315 9
9607 5
3833 5
6320 4
6321 5
6322 4
6326 4
6337 5
6340 5
6352 8
6355 5
6356 5
6357 5
6363 5
7468 6
6371 39
6373 4
6384 6
6392 7
6399 4
6405 4
6412 4
6417 5
6419 4
6420 11
6424 10
6428 12
6429 7
6431 14
6679 27
6432 57
6437 10
6442 10
6447 10
6448 4
6449 7
6453 4
6461 5
1530 5
6483 4
6407 5
6496 4
6519 5
7413 4
6570 5
6571 4
6580 4
6583 16
6588 6
6621 4
6625 9
6731 4
6746 4
6768 7
6787 6
2825 5
6788 11
4150 5
6790 6
4033 5
6802 5
6820 9
6821 7
6831 5
10068 4
6871 6
6887 6
6888 4
6900 8
5064 4
6940 5
6959 6
6975 5
6976 9
6978 4
6979 4
6980 4
6993 4
6995 6
1981 7
6949 16
6997 5
6998 6
6999 8
7001 7
7002 7
7003 8
7004 14
7005 9
7006 5
7007 4
7012 7
4131 14
7013 5
7015 5
7016 4
7019 6
6010 69
7025 5
7030 15
7031 14
7034 5
7035 5
7038 5
7045 5
7047 4
7048 10
7051 5
7052 7
7056 4
7057 4
7068 5
7072 5
7073 4
7075 8
7078 4
7081 11
7082 7
7093 7
7098 6
7102 8
7106 6
7107 8
6472 8
7109 5
7110 4
7111 4
7112 4
11569 22
7115 12
7116 23
7119 8
7120 6
7122 14
7125 10
4333 7
7135 4
7137 9
7140 6
7141 5
7146 17
7149 4
7150 6
7159 10
7161 6
7166 8
7170 6
5419 8
7178 7
7180 5
7184 4
7186 4
7188 9
11103 14
7193 6
7194 7
6370 57
7201 20
7204 14
7206 4
7208 9
7211 20
7212 4
7216 9
7217 4
7226 8
7235 12
7240 8
7244 4
7253 4
7254 4
7260 4
7261 11
7265 8
7268 12
6631 10
7271 6
7273 5
7303 4
7310 4
7311 4
7312 4
7313 5
2457 4
7317 5
7325 6
7328 4
7330 4
7331 5
7334 4
7336 4
7340 6
4413 7
7342 5
7343 4
7345 4
7346 8
756 4
7349 7
7350 5
7351 6
7352 5
7353 11
7355 6
7356 6
7357 10
7360 5
7361 4
7365 10
7366 4
7368 4
7369 5
7370 4
7372 15
7378 6
7388 6
7406 4
3714 18
7430 8
7437 10
7439 6
7298 5
7448 4
5050 9
7451 29
7455 5
7457 6
7462 27
639 4
5453 12
1456 79
7465 14
7466 13
1481 14
7470 7
7473 14
7485 16
7488 5
7496 4
7497 10
7501 4
7504 4
7506 4
7507 4
7509 6
7516 4
7526 4
7530 4
7536 4
7543 4
7054 6
7555 5
7561 4
7562 5
7566 4
7803 7
7569 6
7570 6
7594 4
7596 6
7598 5
7599 5
7603 5
7605 5
7606 4
7607 4
7610 4
7611 4
7816 4
7612 17
7613 5
1464 12
2456 4
7614 6
7617 8
7619 15
5935 8
7621 6
7623 8
7625 5
7628 5
7629 6
10570 33
7631 10
7656 4
7658 9
7660 4
5964 15
7663 5
7669 9
7670 11
7679 5
7681 4
7685 6
8113 10
11111 4
7686 12
7689 7
7690 5
7693 9
7706 4
7707 4
7711 4
7713 11
7721 5
7723 5
5572 5
7741 4
7762 5
7774 4
7782 7
7785 5
7787 5
541 5
7788 24
7789 20
7791 5
4594 9
7792 22
7830 18
7835 4
7844 4
7851 7
7852 6
7857 8
7874 4
7877 6
7878 7
7879 7
1878 4
7881 5
7883 4
7884 4
7887 6
7888 4
7894 7
7899 6
7901 4
7905 4
7907 4
7908 7
7909 5
7913 4
7914 7
7920 8
7923 4
7927 4
3164 4
7944 12
83 19
7945 4
7946 7
7948 4
7949 4
7951 8
4371 7
7952 4
7954 7
7959 7
7961 4
7964 6
7966 49
7974 4
5501 4
7984 10
7987 14
7977 5
5939 11
7991 24
7994 5
8000 5
8005 4
8006 8
8007 7
8009 5
8010 4
8011 9
8015 6
8017 6
8018 5
6856 4
8034 6
8035 8
8043 4
103 4
8050 4
4653 4
4156 9
8065 4
8068 5
8070 12
8071 14
8077 4
8088 4
8089 5
8101 15
7814 4
8103 4
8104 6
8105 6
8106 4
8807 8
2330 4
8114 4
8115 5
8127 7
8130 4
8131 5
8132 9
8133 9
1779 13
8138 6
8146 4
8147 4
8148 9
8151 6
8154 5
8156 4
8157 4
6414 4
8162 5
8165 4
8169 8
8172 4
8173 19
6292 4
8181 4
8182 7
8185 4
8187 4
8194 6
8199 5
8200 7
8205 16
8207 7
8209 4
8210 6
8214 6
8215 9
8216 9
8217 11
8221 5
7915 11
8223 7
8227 15
8230 6
8231 5
8239 56
8263 5
8266 9
8273 4
8278 9
8282 4
8283 6
8285 7
8289 6
8299 11
8300 9
8303 5
8308 4
7861 4
8324 4
8325 6
8328 9
8329 13
8330 7
8335 14
8338 7
8340 15
8343 8
8346 4
8347 4
8350 4
7882 5
1212 7
8364 11
8370 5
8375 11
8377 13
8391 4
8398 12
8399 9
4748 7
8403 4
8404 5
8405 12
8413 4
8419 7
8422 14
8423 4
8428 11
8431 4
8432 5
8434 4
8437 6
8441 9
8442 4
8446 4
5950 8
8448 4
8449 23
8454 7
3202 4
8462 6
8463 4
8464 4
8466 4
9835 13
444 8
8473 4
8475 4
7680 42
8490 4
8497 10
8499 5
8506 4
640 7
8514 4
8515 5
8517 11
8521 14
8523 9
8528 7
10710 11
8550 4
7405 6
7323 6
8557 4
8560 5
8564 4
8565 4
5192 12
11817 9
8575 9
8576 4
8577 13
8578 4
8582 4
8584 18
8586 6
8587 4
8589 22
8590 9
3274 5
8592 12
5829 5
8593 6
5832 4
8596 4
8599 5
8628 5
8631 6
8633 4
3704 4
8635 6
8637 5
8641 4
8642 4
8643 4
8645 6
8773 5
8647 12
10746 11
8649 4
552 10
8652 11
8653 4
8655 5
8658 5
8660 6
8662 4
8670 4
8678 5
8683 4
8689 5
8690 12
7049 13
8694 4
8695 4
8698 4
8701 4
10072 5
8721 6
8723 5
8730 4
7731 10
8478 4
8736 4
7205 49
8743 22
8744 7
8745 10
8752 6
8754 12
8756 6
8757 6
8763 11
8769 41
8770 4
8772 4
8774 21
8775 4
8776 7
8779 4
8781 4
7601 6
8810 4
3738 4
8816 4
8822 4
8825 9
4610 6
3142 9
2982 6
8832 11
8833 45
8836 4
8837 7
8839 6
8840 10
11746 10
8841 4
8842 4
8843 6
8845 8
4810 17
8848 17
8849 12
8850 5
8851 6
8852 6
8853 16
8854 7
8855 16
8857 28
8858 31
8860 15
8863 12
8864 15
8865 29
8866 13
8867 6
8869 11
8870 5
3760 17
8873 9
8883 9
8887 4
8888 8
8895 4
6970 15
8908 10
8931 4
8933 9
8935 7
8939 4
8940 10
8942 4
8943 12
8944 5
8946 4
8109 5
8947 4
11435 5
8949 8
8950 9
8953 4
2019 15
8955 4
8957 5
8958 7
8959 4
8960 6
8961 5
8962 5
8963 4
8965 4
8966 4
8969 4
8973 5
8977 8
8979 12
8981 5
6323 4
7318 4
8985 10
8986 5
8987 7
8992 4
8993 4
8994 18
8995 6
8996 9
8997 7
8998 7
8999 10
9000 6
9002 13
9004 10
9006 5
9007 6
5217 8
9009 4
5247 24
9010 4
9012 4
9013 10
6076 15
9014 21
9015 4
9016 5
9017 4
10178 6
9023 5
8595 10
9027 19
9029 4
9030 4
9031 5
9037 4
8467 4
9053 4
663 5
9058 18
9141 5
9061 5
9065 4
9067 4
9069 10
9086 8
9087 8
9088 13
9090 4
9091 7
9092 5
4547 5
8972 4
7033 5
9094 5
9095 6
9096 5
9098 5
9100 4
9101 5
9103 6
9104 5
9105 6
9106 8
9109 5
9111 4
9112 5
9113 5
9114 5
9115 5
9116 7
1973 7
9117 10
9118 7
9119 12
9121 4
9122 7
9123 37
9124 17
9125 4
7316 4
3342 21
3208 16
10381 28
9127 5
9129 4
10905 21
9131 4
1235 8
8780 4
10784 10
9137 5
4352 4
9140 4
6200 6
9142 4
9145 8
9146 5
9147 8
9151 7
9158 9
9160 4
9162 11
9163 10
9172 5
9173 5
9175 10
4115 5
9178 5
9183 6
4372 4
9184 4
9186 5
9187 5
9188 6
9189 17
9190 15
9191 8
9192 5
8427 7
9193 6
9195 5
9197 7
9198 4
9201 4
9202 7
9203 4
9204 4
565 4
9207 5
9382 5
9211 11
9213 6
9215 4
9221 4
9222 6
9224 11
11624 11
9226 4
9229 12
9230 4
9234 5
9238 4
9240 7
9242 5
9251 4
10275 7
8004 4
9256 5
9257 14
9258 4
9259 4
9261 7
9262 5
9263 5
9264 6
9267 7
9271 4
9272 4
9284 4
6882 6
9285 7
9287 6
9291 5
9294 4
9295 27
9297 4
9298 5
9299 6
4402 5
9300 4
9308 5
7044 13
672 18
9309 9
9310 5
9311 9
9312 35
9315 5
9317 8
9318 6
9319 6
2250 4
9323 4
9324 4
9329 5
9330 6
9334 4
9335 4
9337 4
9338 8
9339 5
9341 5
9345 5
9346 5
9349 4
9350 9
9351 5
9354 5
9355 4
9356 5
9358 12
9362 14
9364 6
9365 7
9366 6
9367 4
9370 5
5673 6
9371 6
9372 4
9373 9
9402 4
9410 5
9456 9
9464 4
10164 8
9509 6
9514 5
9539 4
9540 6
9542 7
9546 4
9547 4
9549 4
9550 4
9551 10
4848 6
9552 5
9553 7
9555 6
9556 6
9558 4
9559 4
9560 8
1112 17
9561 4
9562 23
9563 11
9565 4
8830 4
9567 4
9568 4
9569 4
9570 5
2477 16
9571 4
9573 9
9574 5
9575 7
9577 6
9579 10
9580 6
9581 9
9582 5
9583 4
7335 8
9585 5
9176 4
7821 4
10751 8
9588 4
8603 7
1306 5
9590 5
9592 5
10177 5
9593 8
8144 5
9594 6
9595 4
9596 9
9597 12
9599 5
6040 4
9601 5
4133 4
9602 9
10183 4
9604 4
9605 6
9613 6
9614 4
9615 4
9617 8
9829 10
9618 8
9619 7
9620 5
9621 5
9624 7
9626 5
9627 10
6939 9
5012 5
9628 12
12018 7
9631 4
9634 5
9635 4
9639 7
9651 4
9653 5
9659 4
9667 9
9668 4
9670 4
9673 4
9674 5
9675 3
9676 7
9677 13
9678 8
9681 19
9683 7
9690 4
9692 4
9693 9
8435 10
9694 4
9696 6
9697 4
11127 6
9698 6
9699 9
9702 4
9704 5
9707 5
9708 12
9710 5
9713 12
9714 8
9715 10
9716 7
10840 27
9489 28
9718 27
9720 8
9721 4
9722 6
4517 9
9723 41
5077 18
9724 4
9725 5
9727 4
9728 6
10742 23
9730 4
9731 18
9733 4
9735 8
9736 9
9737 10
9738 8
9739 5
9741 16
9742 4
9743 7
9744 5
9745 5
9746 8
9748 7
3734 23
9749 15
9750 9
9751 6
9680 4
9752 5
9753 5
9754 6
9755 9
9756 11
9757 18
9759 16
10623 5
9760 20
9761 4
1578 24
9762 8
11723 16
9766 9
9773 6
9780 5
9789 6
9790 4
9804 4
9816 4
9819 5
9821 4
9423 4
9828 4
9834 5
9837 14
9838 6
9840 7
9841 5
9851 4
9854 11
9856 5
1448 6
9857 5
9859 6
9862 4
9867 5
9868 9
9906 7
9873 5
9882 5
9884 11
9885 18
9887 6
9888 7
9891 5
1389 9
9896 8
9898 4
9901 5
9902 4
9904 8
9905 14
9908 4
9909 4
9911 4
9913 13
9914 4
9918 5
9919 7
9923 5
10247 5
9924 4
7834 7
9925 22
9926 5
9927 20
9929 8
9930 9
9931 4
9933 4
9934 11
9935 6
9936 9
9937 4
9938 14
9939 4
5282 11
9940 27
9942 4
9944 13
9945 4
9948 5
11482 4
9949 14
9950 13
9956 11
9961 4
9357 5
9979 4
9980 6
4569 8
9981 4
9982 4
9988 36
9990 6
10367 5
7498 4
9992 4
4965 5
9997 4
9999 10
10001 4
10009 4
10012 13
10013 4
10014 5
10015 4
10016 9
10018 6
10019 7
10026 4
11036 5
10035 8
10056 8
10060 12
2069 4
10062 4
10063 5
10064 5
10066 10
10069 5
10070 4
10078 5
10080 5
10081 5
5100 26
10082 15
10083 11
10084 4
10085 4
10088 5
10090 5
10091 7
10093 4
10094 5
10095 10
6054 4
10098 9
10099 18
10101 4
10102 6
10103 8
10106 5
10108 4
10112 6
10117 9
10120 4
7399 4
10127 6
10131 5
9144 10
10133 5
10135 6
10136 7
10137 5
10142 10
10143 5
10144 4
10147 6
10149 5
10150 19
10163 10
10184 4
10185 4
10188 12
10191 7
10194 4
10196 5
10200 6
10201 4
10202 13
629 7
10206 4
10207 6
10209 24
10216 5
10218 8
10224 4
10225 4
10227 8
10231 5
6026 5
10233 11
10239 5
10240 11
2991 19
10248 4
10252 47
10263 6
10271 5
10274 8
10276 6
10277 5
10280 6
10284 4
10289 5
6166 41
10295 9
10296 9
10297 32
10300 19
10301 6
10304 4
10305 5
10306 8
10307 9
10309 14
10313 4
10314 15
10320 8
10323 4
10329 70
10331 4
10333 4
10334 5
10335 4
10336 22
10337 9
10340 32
10341 4
10343 11
10345 6
10347 8
10349 7
10352 16
10361 6
10362 6
10369 6
10375 4
10376 13
10378 21
10380 11
10382 30
10383 7
10385 4
10387 9
10390 4
10391 8
10396 4
10398 8
10400 15
10401 36
10403 12
10406 6
10407 5
10412 5
10413 8
10415 7
10418 5
10422 5
10424 9
1266 11
10428 42
10430 4
1273 18
1279 4
10439 4
10441 9
10443 19
10447 13
7865 22
10451 8
10452 6
10461 21
10468 4
10469 13
5099 13
10471 5
10478 5
10489 9
10490 9
10492 7
10499 14
10502 15
10503 11
10504 11
10509 4
10510 8
10513 36
10521 6
10525 13
10526 9
10541 5
10543 6
10545 9
10546 8
10548 9
10551 7
10557 4
10563 5
10290 13
10593 10
10595 5
10598 6
10600 9
10602 6
3230 5
10622 4
7099 12
10632 7
10637 4
10641 7
3684 4
10646 4
9450 12
10661 4
10669 4
10677 5
10698 5
7315 4
10724 4
10732 4
10774 4
10776 8
10781 4
10790 5
10797 4
10804 5
10812 4
10813 5
7529 5
10814 4
10819 7
10824 4
10830 11
10832 17
10833 4
3118 12
10836 7
10839 4
10842 4
10843 22
10864 11
10865 5
10866 4
10868 6
10869 5
9703 6
10876 8
10878 4
2110 7
10879 22
10880 5
10896 5
10897 4
10898 11
10899 4
10908 5
10911 4
10914 6
10915 6
10918 7
10920 5
7133 5
7076 8
10935 5
10937 5
10939 6
10945 8
10947 4
10955 5
10956 6
10958 8
10959 6
10960 7
10962 19
10963 5
10964 21
5634 4
10967 4
10968 5
10969 5
10970 5
10971 4
10979 5
10981 6
10985 7
10989 4
10991 3
10994 10
10998 5
1427 5
11001 8
11002 4
11003 17
11006 7
11007 15
10258 14
11013 5
11016 7
11018 10
11021 6
11024 7
11025 4
11028 20
11030 4
2070 26
11034 5
11000 6
11044 15
11045 4
3145 17
11046 4
11048 4
11049 5
11050 6
11051 6
11053 6
3389 9
11055 7
11056 5
11068 4
11070 4
11072 7
11073 10
11074 8
11075 6
11080 5
11081 4
11084 6
11085 4
11086 8
7364 10
9165 4
11094 5
11095 5
11096 5
11097 4
11101 4
11104 4
11107 5
11115 4
11118 4
11119 4
11122 7
9343 5
7221 4
11125 4
11126 7
11128 5
11132 4
11133 9
11135 11
11137 5
11139 4
11140 4
11142 5
11145 6
11148 4
11151 7
11152 11
11153 6
11170 12
11174 4
11175 6
11176 4
613 15
11179 14
11186 4
11190 12
11195 4
1996 11
11202 6
11205 9
11206 5
11208 4
11210 4
11212 5
11213 4
3685 10
11214 4
11216 4
11217 9
11218 13
11221 17
11222 10
876 13
11223 5
11346 7
11227 6
11228 4
2652 16
11229 4
11230 4
11232 7
4893 9
11234 8
5079 25
11235 7
11236 6
11238 15
11239 4
11240 5
11249 6
11251 11
11252 4
11253 7
11259 5
11260 6
11264 5
11265 4
11266 4
11267 7
11268 5
11269 11
11272 12
11273 4
7319 4
3837 4
11275 8
9470 4
11276 4
11278 6
11279 4
11280 14
11281 4
11282 10
11286 9
11288 5
11289 6
11292 7
8265 5
11294 11
8604 10
11295 21
5024 9
11297 7
11298 57
11299 6
11300 6
11305 5
11306 7
11307 4
10740 6
11312 8
11328 12
11334 4
3211 5
11335 14
10987 7
11348 4
3480 9
11351 4
2083 5
11353 5
11354 15
11355 5
11357 4
7992 4
11361 4
11363 5
11364 7
11365 4
11366 4
1465 10
11367 5
11368 12
11369 5
11370 5
11371 4
11376 4
11377 5
7895 4
11380 17
11381 17
11382 4
5946 5
11383 10
11385 6
11386 4
11387 4
11388 13
11389 10
11390 4
11391 9
11392 5
11393 4
11394 4
11395 7
10867 21
11396 7
10174 5
11398 4
11400 5
11401 5
11402 7
11403 10
11404 4
11405 6
11406 4
11407 4
11408 5
11409 4
11410 7
11411 5
11413 4
11414 5
11416 5
11417 23
11418 4
11419 16
7314 5
11421 4
11424 6
11425 4
4399 4
3092 6
11426 4
11427 6
11428 5
2224 5
11431 14
10253 6
11434 5
11436 5
5912 4
11438 11
11440 4
11443 4
11445 16
11446 5
11449 9
11450 7
11451 10
11452 10
11456 4
11460 15
7173 4
11462 5
11466 41
11468 5
11470 5
11472 6
11474 6
11475 5
11477 4
11478 11
11484 6
11486 4
9876 25
7088 4
9219 6
11494 5
11499 9
11500 5
11501 5
11512 4
3896 12
4671 7
8436 11
11515 6
11522 5
82 5
11525 4
11143 6
11532 8
11535 8
11541 4
11542 6
11543 5
11544 7
11551 4
11554 4
11556 4
8802 7
11563 5
11574 10
11575 4
11598 50
11599 11
11601 4
11602 4
11603 4
11606 22
11608 7
11609 9
11610 26
11611 11
11613 7
11615 5
11616 4
10700 4
11617 6
11619 4
11622 18
11623 4
11628 5
11629 15
11630 13
11632 4
11634 5
11637 4
11642 5
11644 4
11648 5
11649 8
11651 5
4211 6
11652 4
11653 4
5359 4
11654 4
11655 4
11656 4
11657 4
1475 25
11658 6
3085 17
11659 6
11660 5
11661 11
11662 5
7410 5
11664 6
11665 5
7344 9
11667 4
11668 11
11669 5
11670 6
11672 5
11673 17
11676 4
11677 6
11678 5
11679 7
11680 5
11681 5
11682 6
11684 37
11686 30
11689 7
11690 4
11691 4
10900 5
11038 16
11692 41
11694 16
11696 8
9548 4
11697 4
11698 4
11702 6
564 16
11706 5
11707 4
11709 5
7521 5
11711 5
11712 4
11713 5
11717 4
11719 4
11721 9
11722 6
11724 5
11725 12
11728 6
11731 5
11733 4
11734 4
11735 5
11738 4
11741 5
11742 5
11743 5
11748 30
11749 5
11750 4
11751 12
11752 4
11754 8
11755 5
11757 4
11760 13
6890 4
11764 4
11766 4
11483 4
5932 14
11773 7
11776 5
11778 8
11780 4
11786 5
11789 4
428 5
5039 6
11792 4
11793 4
11796 7
11800 4
11801 15
10456 9
11803 41
10544 15
11810 7
11819 5
11828 6
11831 4
11832 13
11834 4
11835 7
11840 9
3622 45
11788 13
11845 11
11847 9
11849 5
11851 7
11852 5
11855 4
11263 16
11859 4
11861 22
11865 7
11866 12
11867 8
11868 5
11869 10
11870 5
11873 7
11874 5
11875 5
11876 4
11887 4
11889 7
11893 7
11895 7
11896 4
11897 7
7525 5
6184 5
11900 5
11901 5
5009 4
11902 4
11903 4
11904 9
11905 11
11906 20
11907 4
11908 4
11911 9
9660 4
11912 5
11913 5
11915 6
11916 4
6771 5
11917 4
11918 6
11919 4
11920 7
11921 4
11922 4
11924 4
11926 6
8267 5
11927 11
9064 4
11928 4
11621 4
11929 13
11930 4
8421 4
11933 5
11934 4
11935 4
11937 5
11938 4
11939 6
11940 5
11942 4
11943 4
11945 5
11947 6
11949 4
11951 30
11953 4
11954 4
11956 5
11957 6
11931 5
11958 4
11962 5
11963 6
11965 4
9600 7
11966 6
9572 11
11972 4
11980 5
11981 23
4507 4
11982 4
11983 4
11985 6
3907 23
11987 4
2046 4
11990 6
11992 6
11720 4
12002 5
12003 9
12008 22
12009 6
12011 4
12012 5
12013 8
12014 4
12015 6
12016 8
12017 4
12020 5
7602 5
12022 9
12023 7
12025 8
9457 5
12027 13
12028 4
12029 6
0 5
1 4
3 4
10278 8
9 5
9554 11
10 6
11 4
7975 4
20 6
10975 7
45 4
53 4
54 6
11566 12
57 9
58 4
3870 5
62 5
63 4
65 4
67 8
116 6
123 46
146 6
147 4
181 4
184 6
192 10
193 6
196 6
197 5
203 4
1685 6
208 29
217 8
218 4
221 4
5895 9
223 5
6312 6
4383 5
11557 4
554 5
10702 11
290 25
300 5
5713 6
1564 14
308 5
309 8
312 4
314 6
6724 8
318 5
10132 6
332 6
49 18
351 4
355 9
360 5
361 6
362 12
363 7
366 5
367 6
369 5
11765 4
11565 7
371 9
372 4
11771 5
374 5
11561 4
376 4
6175 20
377 6
378 15
379 5
382 12
383 5
384 7
385 16
386 4
387 4
390 9
393 6
924 21
405 4
406 4
407 9
4599 5
413 4
414 10
492 8
419 5
421 13
2269 19
422 18
424 4
5143 8
430 6
9729 10
4795 8
432 6
10458 9
433 5
6765 56
3309 4
173 16
11666 11
3343 6
3346 4
3350 9
3354 14
3361 5
3363 34
453 4
456 8
480 4
486 10
5907 19
489 7
505 4
523 10
529 4
533 7
534 5
538 4
573 5
579 4
595 22
607 4
621 4
626 4
630 8
631 5
2196 11
636 5
638 4
641 8
585 7
644 5
649 5
8029 4
653 4
654 7
3372 6
694 7
11971 4
695 14
696 10
697 4
699 9
705 6
7333 8
370 4
720 7
722 10
724 50
731 5
733 5
737 8
9001 8
741 7
745 8
746 5
747 4
748 9
750 8
719 4
751 9
755 4
4987 4
6301 5
759 6
764 5
768 4
9156 4
781 5
783 10
784 4
794 16
796 8
798 9
799 10
11941 7
806 4
810 4
10317 6
818 4
824 9
830 7
831 4
833 7
844 6
846 4
855 9
860 16
10737 33
10686 11
866 4
5109 4
869 6
873 7
875 5
879 4
880 4
884 7
886 5
890 9
892 7
893 9
894 7
896 4
897 9
898 9
2267 5
900 4
907 6
4142 9
923 4
929 19
932 4
10644 6
4027 5
960 4
5542 11
975 5
981 4
5589 16
5615 4
7105 4
4966 5
5684 4
1048 7
1053 6
1062 5
1070 6
825 5
11650 5
5725 6
11646 8
1111 8
1114 9
1115 4
1194 4
6021 12
6028 5
7997 4
1233 21
2204 4
1265 8
353 4
1280 16
1286 4
1673 4
1367 8
2716 5
1411 13
1426 4
6730 4
1451 8
1452 5
1491 8
1503 7
1504 4
5146 20
1524 9
11683 4
1527 5
1528 4
1531 7
1535 5
1537 4
1539 4
1541 4
1546 4
1552 9
1554 6
1576 4
1606 6
1613 6
1616 7
1618 6
1619 4
1637 5
1647 4
1658 5
1659 7
1661 5
1669 12
1670 7
3115 7
1680 6
1681 5
1686 4
4886 10
1711 4
1714 4
1770 6
1772 5
6350 4
1789 4
1283 9
8137 4
1804 4
1805 5
1810 10
1823 4
1824 7
8753 12
1843 5
8274 10
2138 4
11795 5
11763 6
1870 10
5252 10
1873 9
1875 10
1876 4
1877 4
11378 5
8509 4
1910 7
836 5
1922 4
1923 5
1927 6
12019 5
1937 7
6161 4
6288 6
2000 4
2089 4
2090 4
2091 5
11688 6
2124 5
2125 4
2133 5
2156 5
2168 4
2175 4
2180 9
326 8
2197 4
2202 5
9656 7
2210 5
6783 4
9663 4
9672 5
5151 7
2260 5
11290 4
2264 38
2284 4
7409 5
6404 5
2292 9
2299 17
2300 5
2301 10
2302 4
2304 7
2307 10
2311 4
7337 7
2313 4
2318 6
2322 8
2327 9
2352 4
2353 14
9958 9
9960 4
9966 7
9977 5
7020 15
2367 5
9993 4
10004 9
2387 4
2388 4
2389 7
2390 10
2394 7
2396 8
2405 13
2407 6
2413 9
2416 6
12010 4
4366 32
2436 11
2437 9
2441 5
5560 5
2462 6
2473 4
2493 5
2498 4
2502 5
2509 4
2517 6
2518 8
2519 11
2520 4
2521 6
2524 6
2525 11
2526 4
2549 4
93 6
1603 6
2565 6
2569 4
2571 12
5236 5
2574 5
2577 12
2581 5
2584 6
2585 15
2589 6
2595 4
2597 10
2599 6
2601 17
2603 5
2604 16
2611 11
2619 5
2621 7
4430 4
2622 8
2627 7
2660 4
2693 4
2706 6
2712 11
2714 7
2728 4
10986 4
1210 6
2731 4
2746 4
2760 5
9953 13
2762 8
2763 4
106 4
2775 6
11458 6
2777 4
5919 4
2782 5
2820 5
2826 10
2832 8
2833 10
2835 7
2839 4
2840 6
11255 7
2871 6
2874 5
2881 4
616 9
11944 4
2885 7
2889 4
2894 4
6961 15
2902 5
2924 6
2931 4
2932 7
5550 25
949 44
531 8
881 6
3086 9
2948 4
11804 19
2951 4
2952 8
4974 6
2887 5
2953 4
2955 5
2960 6
2963 4
2970 6
2971 6
11812 4
2978 4
2979 5
2985 6
2986 7
2993 8
2995 4
2998 4
11047 10
2999 8
3001 4
3005 4
3008 9
3010 4
3011 4
3012 6
3022 6
11432 10
4995 7
3048 4
3069 4
581 5
3101 4
3103 5
5215 9
3111 14
3117 9
3138 4
3143 5
3147 6
3149 6
3150 6
3151 5
1308 50
2460 13
3153 6
3155 4
3156 4
3162 7
3175 4
3176 4
3178 23
3179 4
3193 4
3196 7
3198 4
3199 4
3200 5
4313 10
3204 4
3212 4
3221 7
3240 6
3241 4
3252 6
3260 8
10130 10
3263 33
3264 4
3279 5
3280 7
3282 6
3286 4
1435 14
3287 6
3288 6
3289 4
3294 5
10930 6
3306 4
3314 5
1476 4
11379 6
3351 11
1563 4
3364 9
3380 4
3408 9
1819 12
3414 4
3424 8
3428 7
3429 5
47 10
3436 6
3451 4
9415 8
1605 13
9108 6
3499 5
3508 4
6462 5
11537 6
3521 4
3523 5
3534 4
3537 4
3541 5
3562 6
3564 8
10805 5
3568 5
8697 7
2315 9
3575 6
3579 9
3581 6
10462 33
3583 4
3592 6
3604 27
3606 4
3616 10
3619 33
3620 8
3621 21
3624 6
11768 4
3152 12
3635 7
3636 4
3652 6
3662 7
11581 5
3674 4
3686 4
3691 7
3694 5
3695 5
3700 4
3711 7
1547 10
3720 12
3722 5
3723 6
3741 4
2780 4
2185 7
10308 5
3772 4
3780 7
3782 5
3807 7
3809 7
1477 11
3827 9
3835 10
3838 30
4510 6
3852 4
3859 7
3862 13
578 21
5037 10
3875 6
3876 4
3881 4
3884 6
3885 7
3889 12
3892 5
3900 5
5059 7
3911 19
3913 4
1089 5
3922 4
3924 9
3933 36
3934 9
1421 5
328 4
3938 26
3941 4
3945 6
3948 6
3962 5
3968 5
3969 16
3978 4
4003 5
4005 4
4007 5
4008 5
4010 7
4011 19
3935 17
4013 11
4014 12
4015 7
4018 5
4029 4
4034 5
4041 4
3603 8
4048 24
4050 5
9397 5
4080 4
4130 7
224 6
4140 4
11185 6
4172 6
4174 7
4178 7
4179 4
4184 8
1291 51
4892 23
933 26
4185 9
4186 6
4190 6
7449 5
4193 5
4198 6
4207 4
9609 10
4213 4
4217 6
4230 5
4233 8
1925 4
4236 4
4240 6
4242 9
4925 9
4244 7
4248 4
4252 5
4254 4
2290 6
4257 4
4263 5
4265 14
4269 8
4270 7
11274 8
1447 15
4274 6
4275 8
4276 6
4277 4
2784 4
4281 10
4284 4
4285 6
4291 4
4295 8
4299 8
4304 5
3990 4
4308 4
4309 6
4310 5
7154 4
305 8
4312 5
4323 4
4332 5
4337 20
4341 4
4346 5
4347 4
8990 13
4349 5
4350 9
4351 4
4353 4
4358 4
4359 9
4360 5
4361 8
4362 15
4363 4
6789 7
4368 5
4374 6
4375 4
4380 4
4387 4
4388 11
2452 10
4405 5
4414 4
4415 5
4416 6
6967 11
4417 4
4418 4
4422 10
4424 47
4425 10
4427 5
4436 4
4437 4
4438 14
4440 4
4446 4
4447 5
4450 8
4860 4
3631 4
2890 9
4458 8
4461 7
4463 4
4472 8
4473 4
4476 6
4477 6
4478 9
4481 4
4482 4
576 5
4483 7
4484 7
4488 4
4500 4
1596 9
4512 9
4514 5
4119 4
4515 5
4516 41
9776 27
4518 4
4520 4
4521 11
4525 8
4526 8
4528 10
4529 4
4530 7
4532 7
4533 6
4536 8
10363 15
4538 6
4540 4
4541 5
4543 4
4544 15
4545 8
4546 19
9842 5
4548 8
8634 8
2942 9
4550 11
4551 4
3834 16
4554 4
9664 6
4563 6
4568 5
4570 19
10511 5
4571 6
4572 4
4622 5
4626 4
4583 4
4628 4
4648 4
4654 4
4658 8
4666 4
4675 46
4679 5
4686 8
4688 5
4698 5
4715 7
11986 4
4723 4
4727 14
4728 18
4729 5
10312 11
4731 6
10827 17
4735 7
4742 4
4743 4
4746 8
4747 5
4750 4
4752 6
4757 4
4766 4
4779 8
4780 4
4781 4
10475 16
4785 8
4788 4
4790 6
4799 6
4800 6
4805 5
4808 4
9093 22
4809 7
10682 4
4818 11
1264 8
4823 5
4824 6
7383 6
4825 13
4827 5
4836 11
4840 5
4849 6
4869 4
4882 5
4885 8
4895 6
10212 10
4905 4
802 4
4918 5
4921 6
3672 10
10203 4
2425 11
10993 9
4930 5
4932 6
4933 12
4935 7
10505 7
4940 5
4942 4
4950 5
4952 13
4953 4
4957 5
4969 7
4970 4
10219 8
4971 5
4972 4
2976 15
4976 8
343 7
4811 46
4977 4
4978 5
4981 9
4983 4
4984 8
4988 5
4990 5
4992 4
4996 5
4997 5
8793 4
5010 8
7885 5
5011 5
5013 14
5681 6
5015 4
5016 15
5018 11
5022 9
5023 4
5026 5
5027 7
4396 8
2420 9
5028 8
5032 9
5033 10
11150 11
5035 5
5040 5
5041 9
5047 4
9485 12
5051 9
11736 11
10583 8
5052 8
5053 4
5058 14
5093 6
9003 5
3703 5
5129 4
5158 5
5169 6
5181 4
5188 5
5198 8
5201 4
5202 6
5207 4
5213 6
2426 4
5221 4
5225 4
5232 6
5237 8
5260 9
5267 6
5306 7
5307 4
4751 8
5324 9
5327 7
5330 6
5332 5
5337 5
5339 26
10259 13
5347 19
5350 6
5369 4
5370 4
5371 4
5380 5
5384 9
5390 5
3281 18
3513 6
5395 10
5396 10
5402 4
5404 4
5406 4
5409 6
5412 4
5418 5
5421 4
5423 5
5424 7
5429 7
10848 11
6762 6
5431 5
209 60
5433 4
9666 4
5444 4
10237 4
5450 4
5458 6
5459 4
5461 4
5462 6
5463 12
5465 7
2527 7
5467 6
5468 6
5469 7
5470 11
5471 6
7694 7
5481 4
5486 4
5487 4
5490 8
5492 5
1587 4
5499 7
5502 4
5504 9
5505 4
5507 9
5513 5
5517 6
11237 5
5519 5
5520 22
5522 4
3095 6
5524 6
5526 17
4819 7
5567 4
5569 6
5570 4
5573 7
5574 5
10845 13
5575 12
5577 4
8301 14
5603 11
5605 4
5343 4
5616 6
10990 10
5067 13
5619 11
5620 4
5621 17
3237 5
5626 10
5627 12
5628 4
5638 4
5639 4
5641 4
5644 4
5646 14
5659 7
5666 5
5668 4
5500 4
5552 5
5679 9
5685 7
5701 6
5718 5
2850 10
5756 4
5777 4
5812 4
5813 6
5816 5
5828 7
7996 6
5833 5
11520 5
5837 7
5854 6
5855 4
5858 5
5861 5
7191 15
5866 14
5869 6
5871 9
5874 8
5875 25
4939 4
5877 5
5879 5
5883 5
5888 4
5891 6
5896 6
5898 5
5900 6
324 4
5903 5
5905 4
5921 4
5925 5
5927 5
5943 4
5949 5
5951 4
3637 4
2261 4
6033 5
3231 4
6048 5
6065 6
6069 4
6071 6
6078 4
8093 4
6085 4
6077 6
6088 4
6091 5
6093 7
6096 7
6098 5
6103 4
8334 9
6107 14
6108 9
6109 5
6110 10
6111 4
6119 7
6122 7
6126 4
6130 4
6131 5
789 5
6134 5
7843 6
6141 5
7458 5
6179 4
9426 6
6210 5
6213 9
6214 4
6219 8
6222 4
6227 4
6230 4
6237 4
6239 6
5056 11
6241 5
6244 12
6249 6
6252 5
9852 6
6255 6
6258 8
4318 6
6262 4
1620 6
6269 4
6270 4
6273 4
6275 7
6277 5
6279 4
6282 6
6284 5
6289 26
6293 4
6298 6
9157 4
6313 4
6314 4
1536 5
11375 4
6329 8
6332 9
6333 4
6334 11
6336 5
6338 5
6339 4
3939 13
6342 4
6343 4
6345 9
6347 5
6348 32
6359 4
4944 14
6361 6
6365 7
6374 17
6375 4
6381 5
11959 5
6387 4
6388 14
6389 6
6391 4
6394 4
6400 6
6416 4
6418 6
5068 4
6421 6
6425 8
6430 4
6436 5
6439 4
6441 4
6446 7
11864 20
6451 7
6452 6
6455 5
6456 6
6457 19
6458 8
6464 22
6466 9
6467 4
5576 7
6473 9
6475 5
6478 4
6481 5
6485 4
6486 4
1413 14
6489 8
4864 6
6490 4
6498 6
6499 4
6501 5
6502 4
6515 4
6517 6
6524 10
6525 5
6526 9
6535 7
6536 4
6537 6
6544 5
6545 4
3312 17
6548 9
6553 7
6556 5
6557 7
6559 4
6561 12
4791 4
2801 4
6567 4
140 5
5870 4
2959 19
6577 5
6579 4
6591 5
6593 5
6594 4
6595 12
6596 6
6597 5
6598 5
6599 5
8485 4
773 6
6603 11
6604 7
6605 8
6607 5
6608 4
6609 7
5720 5
6614 7
6615 4
10242 12
6616 14
6618 5
6619 11
6623 4
6624 4
6627 17
6628 7
6629 4
6633 4
6635 21
6636 4
6637 4
6639 7
6640 6
6642 4
5029 21
6649 10
6652 5
6654 5
4250 5
6656 8
6658 4
6666 4
6669 24
1985 6
6671 6
680 19
6673 4
3928 11
6572 5
6678 5
7578 7
6684 4
6685 4
6689 6
6694 4
6573 5
6700 6
6701 4
6707 4
6709 17
6710 6
6711 6
6712 5
6714 5
6715 4
6716 10
6717 10
1081 10
6718 4
6719 4
6720 6
6735 4
6745 4
6751 4
2949 4
3602 10
10567 10
6770 8
6774 4
6829 5
6835 4
6842 7
6211 4
2583 6
6848 4
6855 6
6861 7
6862 4
6865 11
6874 4
6884 4
5863 7
6891 4
6896 5
6899 6
9182 6
6909 5
6918 7
6924 4
6946 4
6954 5
10626 6
6996 4
5179 4
7127 4
7128 7
7130 12
6617 6
7132 4
1458 9
3210 5
6058 4
7142 4
7143 4
7145 5
7147 6
7148 13
7151 4
5564 4
4720 10
7152 9
7155 7
7157 8
7162 4
7163 4
7165 5
7167 4
7192 6
7168 5
7100 6
7207 4
9246 6
4408 4
7209 5
7210 12
6550 9
7213 5
7215 5
7222 4
7224 4
7227 6
7228 6
7229 6
7523 11
7231 7
7232 4
7233 4
7236 6
6677 6
7237 4
7241 4
7242 4
7243 4
7245 7
6256 9
5030 14
7247 5
7250 4
7251 4
7252 6
7255 13
5826 10
7259 6
9209 5
7262 4
7276 5
7279 27
7280 7
5031 9
7282 17
7284 4
7285 4
7286 4
7288 4
7000 6
7292 5
7293 4
7565 5
7299 5
7302 7
7304 5
7306 6
7307 4
7308 4
7309 4
7332 4
7988 4
7363 5
7445 4
7494 4
6124 5
7502 5
6280 9
7518 6
11600 7
7524 10
7542 5
8195 5
7547 6
11180 17
7552 10
7553 4
7560 5
7576 4
7579 4
7586 4
5805 7
7592 5
7593 5
7595 4
7597 6
7609 5
11149 8
2451 5
5820 7
7618 5
6129 4
2914 5
7627 4
10597 5
4687 6
7637 5
7639 9
7640 4
2266 5
7641 7
5048 7
5284 7
7644 5
7648 14
11242 11
2422 8
3936 8
7653 4
7659 5
6563 9
7665 6
7666 4
7674 4
7676 4
7703 8
6165 4
11872 6
7709 4
7710 10
7712 4
7716 4
7717 4
7718 7
1798 4
7724 6
7738 4
2947 7
3877 4
7760 7
6892 18
7763 7
7768 5
7770 4
6569 10
7772 10
7773 5
7775 5
7776 7
7777 4
7779 10
7784 4
7793 4
2319 4
395 6
7795 16
7798 12
7799 7
7801 6
8859 8
7802 6
7808 6
7811 8
8369 7
2904 5
7822 4
7824 4
6295 10
7826 4
5942 4
7828 4
7829 4
7836 16
7841 5
7845 5
2289 5
7850 5
7854 5
7858 4
7720 4
4941 5
7272 18
7893 4
1097 8
7906 4
4982 5
1614 5
7917 4
1807 4
7918 4
7919 16
7925 4
7930 4
7934 7
7935 4
7936 5
7937 5
5270 6
7947 4
2254 4
7950 10
7953 4
7956 4
11781 4
7960 4
7967 10
7978 6
2442 8
7981 5
7989 4
7990 5
7995 4
5156 6
7942 4
8008 5
8012 5
8013 5
8019 5
8020 5
8022 4
8023 5
8024 5
8002 13
8030 7
8032 7
7587 4
8033 11
8036 5
5902 6
8039 6
8045 4
8046 4
1223 14
8047 4
8048 5
8049 15
8051 4
8052 4
8056 6
8057 5
8060 4
8072 4
8073 5
8074 9
8078 6
8080 6
8084 13
8086 4
8087 4
8090 5
8091 5
8098 4
8100 4
1813 6
8108 4
8201 5
8110 9
1326 10
11058 4
8117 4
8121 6
8598 13
8124 4
9368 10
8125 6
11052 10
8129 6
8139 8
9784 6
8140 5
8141 5
7838 4
8142 9
8145 19
8152 5
8153 11
8158 8
8159 7
6897 14
6613 10
8160 7
8161 12
8163 4
5510 6
2758 4
8164 11
8168 4
8170 5
8171 5
5121 9
8174 10
8175 4
8178 4
8179 5
8180 16
8183 7
8184 4
8186 4
8188 5
10542 4
5876 4
8192 5
3016 20
8193 18
8197 4
8204 5
8206 5
8211 4
11065 10
8218 5
8219 4
8220 5
8222 4
7511 5
8229 22
8232 7
11923 5
8235 7
8236 11
8241 5
10310 11
7532 5
8243 20
8244 4
8245 6
8246 4
8248 12
8249 6
8250 5
5428 5
8256 8
8261 4
8262 4
8268 4
8269 5
8270 4
8271 7
6646 8
8277 6
8280 6
8286 6
8287 12
8288 8
8290 4
738 5
6427 14
8292 4
8293 4
8296 7
8297 4
8302 7
10506 8
8304 5
8847 10
8309 7
8310 8
7514 12
1418 4
8315 5
8317 5
8028 6
8320 5
8323 4
8326 4
9700 9
8332 10
8333 8
8336 4
8341 8
8345 5
8349 7
8351 8
8353 5
8354 8
9788 6
11538 4
8357 5
6263 10
8367 4
8368 4
8374 5
8380 5
10146 10
8388 4
8389 4
4929 4
8400 8
4218 5
8402 8
8410 4
8417 9
8420 5
8425 9
3656 5
8429 4
8438 6
8096 7
10221 4
8444 5
8447 4
8451 5
5506 4
8453 4
1320 5
8458 4
8469 6
8470 4
8480 6
8481 8
8482 5
8484 6
8486 4
9847 4
8488 4
8149 4
8489 4
7287 5
8491 7
205 26
8492 13
8498 4
10097 5
8501 5
8503 4
8504 4
8505 7
8510 7
8516 8
8522 4
8525 6
8531 6
8534 12
8237 4
8494 5
8537 5
8539 5
8540 6
8541 4
8542 4
6271 5
8546 4
2939 7
8547 8
8548 5
1270 4
8549 4
8552 4
8554 4
8555 5
8559 13
8189 8
8561 4
4803 5
8562 11
8563 7
1255 4
8567 14
8568 4
8570 5
8572 6
8574 4
7933 4
11198 4
7817 4
8597 4
8495 7
8614 5
8621 5
11042 4
8632 4
8636 6
8295 4
8639 7
5878 4
1215 4
8644 6
8646 4
5425 6
8648 8
8650 13
8651 7
8656 4
8657 8
8659 6
8661 4
8663 4
3918 6
8664 4
8665 4
8667 5
8668 4
8671 4
8672 4
8673 6
8675 5
8459 4
8676 4
8677 4
8679 4
8680 5
8681 4
8682 4
8687 6
7751 6
8691 5
5591 4
8696 4
3860 4
1297 7
10572 4
8025 8
8606 12
8702 9
8703 4
8708 5
8709 6
8712 5
8713 5
8715 8
8717 5
8718 5
8666 6
4239 6
10992 6
5017 8
8553 6
8551 6
6274 5
1312 4
8720 4
8722 4
8724 4
6353 4
8725 5
1579 5
8726 4
8727 7
8728 5
8731 5
8733 6
9732 4
8734 11
8735 4
11562 4
8740 5
8741 4
8742 4
8748 9
8749 4
5255 4
8750 7
8751 12
7697 4
8758 4
8764 4
8765 5
8766 8
298 7
6246 4
8327 4
8767 4
543 9
8768 5
8777 4
8305 4
8452 6
8796 8
8797 4
8803 4
8805 7
10491 6
8815 4
8818 6
8819 7
8823 5
8479 5
8824 4
8827 4
8838 4
8844 7
8846 7
8861 4
8862 4
8868 8
8871 9
8872 12
8874 6
8808 20
8875 5
8198 8
6243 10
5208 6
8877 4
8878 7
8880 4
2071 5
2754 7
8732 7
8884 4
8886 4
8890 4
8891 4
8893 5
8898 4
6060 4
8905 4
8945 8
9174 4
8242 4
5508 5
8954 7
8964 12
2818 4
8980 7
8982 4
8983 6
8988 4
8989 5
9008 5
9011 4
2882 4
9019 4
9021 4
9042 4
9089 4
9120 5
9126 4
1509 4
9161 5
9200 4
1482 4
9205 5
9130 9
11863 4
7608 4
9231 4
8191 5
6952 4
9266 6
8789 10
9270 8
9274 6
9277 4
8378 5
9288 4
9292 4
9293 4
9296 4
9302 4
3124 5
6444 5
9304 4
9305 6
9307 5
9313 6
9314 6
9321 5
7616 4
9333 6
9363 5
9388 4
3006 7
6362 8
9399 4
9425 5
9427 4
9432 7
9460 5
9463 13
9467 4
7813 6
9564 6
9587 5
9603 4
9606 4
9608 5
9611 4
9623 4
9625 4
8569 4
9629 17
1449 4
9632 6
10287 11
9636 4
9637 6
7348 5
9638 4
9640 4
9642 4
9644 5
9646 4
6776 13
9648 4
9652 4
10643 7
9578 6
2198 6
9655 4
9658 4
5483 5
10601 4
7833 8
9662 4
9669 6
9679 4
9682 4
9684 4
9686 8
9687 4
9688 11
3107 4
9689 4
9719 4
9763 4
9765 4
3605 4
9768 7
4650 4
9774 4
11753 4
9777 4
9778 6
9665 13
9779 7
9782 4
11925 5
9853 4
9860 4
9633 4
9996 5
10040 6
3856 16
11547 7
10096 5
10104 4
10105 8
10121 5
10128 6
10134 8
10138 4
10139 4
7941 11
8102 5
6521 4
10148 5
10160 5
8430 6
7646 7
10167 5
10172 4
10175 4
10176 4
10179 4
10204 4
10214 5
10223 4
1281 14
4373 6
10272 5
10281 5
10169 5
10835 4
1629 16
1634 4
1639 4
1446 4
1703 14
11894 7
1734 4
1738 8
10463 5
4061 7
1913 5
7492 12
10552 4
10555 5
4768 5
8150 7
10573 4
10579 5
2187 4
5045 4
10588 8
10592 4
9289 4
10594 5
10599 4
9301 10
10606 4
8738 5
10635 4
10640 5
10642 6
6366 6
10645 9
10647 4
10648 4
8654 9
10649 5
1314 9
9691 4
10651 4
10652 5
10654 4
10655 5
10656 4
10657 4
10658 7
10660 4
5889 4
8984 4
10662 5
10663 4
10668 4
5328 6
10672 5
4513 10
8699 8
10688 4
5488 5
10694 5
9616 6
5537 4
10711 6
8500 5
10712 6
10685 4
10716 4
10719 8
5702 4
5038 4
10754 6
10766 4
10767 4
7890 7
10772 4
10775 3
10560 5
10778 4
8798 4
5130 4
9758 4
1183 4
10782 4
10787 5
6518 7
10788 5
6123 9
10792 4
5091 6
10801 4
9391 4
10849 4
10912 5
10917 4
10928 4
7600 4
10940 4
10957 4
10961 4
10965 4
8331 6
10996 5
11087 4
11089 4
11014 5
7827 7
11120 4
1672 5
11181 4
11215 6
11224 5
11225 7
11258 4
11261 4
11336 5
7400 4
8889 5
11349 4
11358 4
11359 5
11360 4
11362 5
3165 4
11373 4
11374 4
4060 5
1430 7
10114 6
11399 5
11415 4
11487 5
11534 5
11536 5
4784 4
11671 4
11674 4
11675 4
9396 4
11695 4
8856 5
11700 5
11756 6
11759 4
11777 5
11806 5
7655 4
11827 4
11848 4
11853 5
8967 4
11871 5
9227 4
2934 6
3848 6
11883 4
11886 4
11892 4
10966 7
10109 4
9671 7
1253 6
12024 4
12026 6
48 4
6468 4
102 4
8439 6
299 5
11503 4
364 5
8166 4
373 5
402 7
5538 4
475 4
535 4
632 4
9641 6
774 4
803 4
11880 4
4255 5
6253 4
1211 4
296 3
1242 4
1277 4
1278 4
11423 4
1369 13
1422 4
11704 4
1474 4
1567 4
1568 4
1590 5
1591 4
1592 4
1646 4
1712 5
8975 4
10913 5
10514 4
9726 5
11772 12
10356 6
2098 5
1892 4
2421 4
2639 4
9591 4
3047 5
2647 3
