940 1519
2746 942
1872 1192
1031 549
2261 1105
522 512
725 1385
523 725
744 116
1913 268
2354 1168
828 608
2248 1284
1582 363
2518 442
2254 1051
1014 1910
467 2071
46 125
878 1643
1357 889
1223 53
1819 330
2584 226
1236 205
517 900
1477 323
636 162
1425 68
815 367
2223 2163
127 989
0 1655
1528 1028
1529 448
2161 897
225 2622
821 691
822 344
953 822
1592 2260
470 216
2527 1302
533 2074
990 635
1085 373
2484 261
1218 288
1750 858
557 771
1796 765
2797 380
956 2127
2887 1508
2452 194
2457 344
1273 1297
1770 124
2487 215
325 424
1003 1420
2554 981
1222 432
1037 533
935 493
2632 674
99 1977
1423 363
2800 1064
518 2044
1512 429
782 52
1450 164
2302 2853
971 1155
456 325
229 552
421 1730
1155 23
1628 417
1095 618
1870 619
2691 365
519 1010
942 2510
606 460
944 2260
521 2252
2062 2171
1911 1877
1520 680
1521 804
1522 294
895 244
1524 414
140 273
337 816
2005 473
306 691
400 1615
877 249
726 814
1212 840
2754 866
2785 247
2508 409
1567 331
1395 1047
2378 107
276 2046
313 1668
991 1043
2757 913
1117 1066
95 395
2199 127
860 987
1278 128
1035 1297
560 248
1726 432
838 207
490 219
1010 776
604 827
943 1924
1103 288
1104 108
2869 663
1048 1170
1979 447
2569 318
2956 842
1571 552
2314 532
1676 670
1535 1067
905 1364
1642 665
2386 402
960 1623
829 1332
2986 647
1882 434
1110 1266
947 655
2382 679
984 1683
2415 1111
1851 394
924 268
1855 58
1217 60
1115 153
685 394
2230 397
1383 41
447 63
994 832
450 387
39 189
2425 1759
2167 853
256 1770
602 138
2053 68
836 71
48 1608
939 78
334 943
2498 307
1942 401
1814 718
139 370
2441 149
2566 191
1816 850
1292 343
2187 301
1489 408
2069 505
702 27
152 150
1354 6
1303 128
959 1370
2083 1130
2390 1096
714 1170
1245 1644
1363 457
2331 701
1593 51
489 629
1204 250
1838 233
1207 770
870 995
2637 300
719 919
1364 117
1160 372
1366 692
1905 205
1368 143
2644 294
1910 819
789 354
1460 391
305 289
1842 24
28 305
498 326
876 395
1213 15
2347 628
31 1083
1469 74
920 265
32 1234
593 103
1921 819
881 622
3001 209
823 112
1338 163
321 770
2825 145
2488 643
2490 141
834 31
525 630
340 115
1238 409
2905 71
2259 96
2853 165
2855 322
3033 806
666 366
1514 571
2396 326
230 360
16 632
2983 444
1154 237
869 309
718 1434
173 81
720 506
2922 504
1105 465
504 30
1326 802
2878 121
681 153
2352 1248
5 652
386 209
1562 640
1242 740
416 680
1358 433
2633 702
967 1444
248 307
1174 487
1116 890
1332 685
559 47
128 324
1009 1661
54 382
1428 77
1484 207
198 182
892 265
1131 278
465 277
1347 141
1018 316
608 241
1350 1256
1293 653
2849 129
408 49
1956 111
67 151
2623 337
96 164
218 396
2520 416
1306 663
100 999
2636 188
1254 232
13 85
294 475
15 437
233 30
493 462
2642 255
1369 103
2809 1007
2155 425
23 253
24 603
1847 526
1325 730
1329 314
820 136
2166 437
34 669
3068 1042
598 393
45 895
1280 1876
1803 431
193 1013
2664 307
260 466
1391 493
469 530
611 612
1491 978
848 566
1086 981
3031 944
1825 726
1196 770
909 819
1725 77
2630 655
1249 882
969 412
2921 568
631 566
1051 1211
1843 982
2099 189
2708 269
1381 13
1686 263
1616 270
997 434
2824 40
1001 334
1421 145
2713 746
516 606
1340 258
2663 131
2000 174
2001 54
1 285
2002 15
6 212
1693 225
1695 92
3196 530
1696 79
1697 332
1128 645
645 229
1129 131
1067 323
1013 544
2114 658
520 822
2180 1548
2181 149
524 316
2781 46
1700 412
1633 91
1015 399
1639 443
1022 988
2726 480
2130 587
274 591
275 268
213 38
1641 583
1026 645
1084 828
615 1207
1648 368
1030 164
2135 381
2795 122
1823 525
286 459
2456 219
2521 551
1721 401
2459 450
1651 131
2461 574
708 475
659 98
1654 84
710 959
1655 259
1036 443
1657 313
1038 867
625 37
2209 438
802 111
1515 133
1833 225
296 347
1837 79
1096 304
1732 853
1097 503
1099 1008
1100 402
721 268
1101 689
722 351
724 124
2276 335
809 59
812 343
2814 238
1526 377
301 321
1840 723
238 14
1782 55
633 962
732 340
816 166
818 165
2162 164
1534 318
308 120
245 93
314 792
1920 249
1922 545
1854 719
1749 417
824 166
883 387
825 322
380 112
252 302
324 515
749 128
3005 170
833 269
1938 290
1939 392
2559 169
2499 48
2500 257
759 602
760 324
3083 400
2896 293
2307 355
2897 21
896 267
461 126
2953 243
898 1028
900 450
847 243
1946 195
57 347
1291 159
1951 72
2510 163
3086 153
1565 1168
769 30
1566 570
946 1421
1568 316
1570 389
950 721
2315 490
2960 186
704 504
1573 218
2316 35
705 615
904 147
2383 547
478 633
1886 339
2624 261
2573 480
2574 1145
1890 117
777 201
1575 535
1576 457
1579 189
961 624
856 889
480 1485
481 51
482 331
1964 74
2031 714
1307 45
1248 6
2586 180
1251 206
1585 389
966 942
861 691
2397 80
2398 617
865 536
2589 106
1908 378
1661 547
1914 51
1046 551
975 1061
1666 436
978 853
1669 510
979 912
1670 366
2095 492
2701 165
176 79
1327 486
181 150
1672 128
1602 42
3184 107
1605 65
987 232
1608 268
1609 7
1611 17
1378 86
188 149
565 135
2782 692
1637 429
211 583
1032 903
2908 451
624 28
290 226
2154 716
302 317
2538 179
2226 18
2555 537
1224 32
1807 172
2252 376
2564 783
1233 21
2577 362
81 57
422 145
2037 294
988 551
3156 833
729 944
679 1989
2946 43
1047 243
793 128
1061 19
1006 617
2807 325
367 45
1885 78
1007 549
2195 158
2455 430
2356 82
2496 601
120 377
3073 234
2171 897
2172 353
1994 418
1478 511
2058 116
2431 306
648 202
2834 549
138 491
1141 82
2792 212
661 301
2526 117
2163 305
1464 181
2823 604
1119 690
2288 131
2289 295
441 409
1281 178
1286 635
1188 60
1948 277
2575 754
1904 68
491 379
546 348
1406 36
1407 323
1909 319
1261 400
873 423
1411 193
1324 182
2063 353
2188 237
2070 242
2222 516
1884 247
2405 37
928 593
2048 106
932 337
2827 77
2432 689
3144 37
2722 31
203 584
141 217
1071 429
2848 768
277 200
212 332
1028 466
2133 93
2134 41
2137 442
1832 231
1731 62
172 267
2215 49
2984 144
730 1270
2985 194
2987 633
2340 136
2988 266
29 39
374 195
2997 54
2349 292
2885 176
253 732
2486 298
1277 190
748 235
390 200
2560 132
1812 135
1813 476
2666 263
397 462
3027 269
774 431
952 928
855 80
69 44
1892 56
1574 292
3099 234
535 324
858 566
2029 320
1966 547
1259 204
1045 274
588 94
2753 39
2040 438
1374 570
3183 190
1677 207
1678 176
2413 637
2417 215
2104 1132
1333 145
2421 246
515 264
135 80
1699 246
2064 22
262 59
200 275
1701 198
1703 154
1019 509
271 16
214 168
1643 100
1644 150
1646 329
1650 92
2203 313
2735 502
2736 229
2737 190
2738 32
9 487
226 168
227 119
1779 682
358 156
1523 370
25 59
2929 172
2931 270
1527 472
2934 265
2225 156
2818 201
310 376
826 139
42 80
1929 175
746 284
1348 57
775 894
1352 275
1297 190
1583 574
540 135
2629 361
417 228
1252 278
1584 571
2646 184
875 783
2094 122
986 912
1056 367
3131 292
2419 236
1002 837
2112 10
1127 518
1005 374
2118 165
1486 273
1390 44
2122 291
142 462
1021 245
1078 250
287 35
2156 268
638 428
2933 256
2285 66
366 61
1549 319
2497 413
2304 53
2899 17
1559 485
2006 591
3026 178
2384 465
1299 419
1891 130
3032 204
965 1028
1965 225
2641 183
2406 219
2115 316
1481 589
64 387
2427 271
2257 10
3135 440
3136 155
514 128
1625 625
1698 203
571 293
655 43
2847 539
574 253
155 254
1404 108
716 702
1780 94
629 13
1459 157
2472 627
1747 12
637 92
375 36
1793 11
1114 375
1751 46
827 102
1865 170
837 235
2948 48
2949 14
951 122
471 156
74 74
968 986
2982 274
426 88
1906 500
87 183
3173 124
1373 473
993 555
2829 252
2771 494
1011 656
2177 433
3200 264
1708 49
573 139
2190 109
2517 529
2454 119
1720 489
170 141
717 252
1525 298
20 787
1532 458
37 822
2353 389
43 273
49 259
3022 297
964 196
2030 322
2084 197
3049 176
1050 76
434 178
3061 81
2760 535
2711 736
130 163
1692 231
263 128
1704 436
1705 314
151 121
1824 208
1040 411
2144 476
1776 498
1777 259
1102 300
2219 94
371 59
2351 490
2600 590
1869 569
845 154
411 144
2970 307
2631 114
1315 505
871 905
2174 96
1485 497
578 22
2149 97
1783 109
484 28
2039 235
2826 44
2830 74
2710 421
1422 81
4 96
647 72
2776 218
144 122
1706 117
2514 498
217 147
2913 202
2860 602
1453 358
1166 86
677 250
2991 89
2345 35
1533 114
2598 56
1790 118
1924 164
1271 629
318 126
1926 85
1858 156
2890 26
452 55
2557 259
335 38
2673 108
2511 362
531 96
1294 18
68 40
2572 194
1960 96
2971 168
413 356
2634 167
105 26
2638 219
2640 253
1978 211
440 8
180 93
992 416
996 1010
929 35
998 386
2714 109
1627 81
1020 780
2798 228
711 315
728 420
1744 417
736 390
753 152
757 327
3012 373
761 326
2968 532
963 298
982 239
2045 102
1029 527
712 149
2865 181
291 78
672 27
734 316
970 364
1312 97
2515 156
1918 222
2479 263
3008 52
2379 540
3106 276
866 87
2744 97
925 91
3193 42
3197 240
2871 70
832 355
962 49
2831 293
1759 157
2840 150
2845 262
2447 177
2450 85
2793 243
1504 42
1041 274
2210 150
739 346
384 643
2501 276
763 17
2370 118
2509 70
767 15
2974 13
2696 137
2873 188
2495 107
954 954
3062 46
2049 56
512 112
936 221
2712 571
2108 86
2056 276
1758 127
1063 504
2120 14
2121 23
2123 28
1068 150
1631 189
2444 308
1632 123
1072 270
1016 543
2124 8
1719 122
1399 167
709 767
2863 142
2523 16
1834 341
1736 62
1741 133
2822 224
2597 120
737 143
882 283
376 231
449 397
755 155
2298 106
3017 376
2613 50
2376 155
901 94
849 216
2621 203
2967 134
867 300
1976 225
1044 263
3113 235
2695 27
2091 107
2648 230
1679 221
2411 61
1330 317
1992 136
1424 169
192 184
2175 512
2784 395
10 698
1789 71
880 109
1928 192
1931 134
1182 234
385 384
2898 79
2249 185
2251 114
2253 76
1947 57
1295 839
2329 30
488 58
872 98
589 337
438 502
1987 221
2709 415
995 174
2173 33
2715 188
131 109
3138 199
643 490
1008 195
2066 104
1138 100
1027 326
656 20
1649 92
2196 109
2796 214
1826 222
1772 55
1773 65
2866 175
1513 157
1516 184
1730 130
806 139
2153 74
27 136
2879 146
1531 209
2477 382
751 209
2362 216
2368 82
2504 120
771 197
2966 244
1900 23
2399 65
1367 25
108 82
3121 131
921 520
3063 164
556 239
1419 75
121 213
1620 461
2828 503
2169 143
197 58
1125 185
1626 268
938 69
2836 287
1480 160
201 137
2186 175
2846 127
148 93
1715 126
221 49
1039 150
1043 616
2868 304
2808 91
1781 25
2224 674
640 320
1530 192
1267 92
1852 137
2482 117
1797 44
2996 144
2234 39
448 167
2602 136
2549 62
1933 39
1800 348
1180 265
3009 102
392 45
1187 347
2667 294
409 152
3093 63
1577 316
908 238
859 259
1587 360
3042 392
2981 169
494 114
2085 305
2590 331
2402 50
2403 349
2038 48
3060 230
204 134
2563 299
930 580
1621 127
194 175
2150 174
1282 181
338 89
2010 86
1405 144
2232 84
79 108
1754 152
1495 220
2926 53
2937 51
1945 54
703 64
780 33
3035 471
2745 72
1980 77
2183 74
1311 50
1694 244
2842 94
1147 139
1208 176
1098 156
2872 505
2152 26
336 123
3076 42
3081 47
3038 32
2022 72
2032 116
2035 152
1597 69
2414 56
2391 77
1638 83
2911 18
2464 406
2293 75
1229 418
1822 138
851 58
98 109
2628 133
980 553
1416 81
2657 29
119 56
933 322
715 335
579 45
807 64
1466 130
249 68
1794 48
743 28
2237 191
44 55
328 78
1941 11
2512 112
3088 166
1957 71
2969 165
972 170
1977 102
1982 22
3192 4
1058 109
1075 250
1536 46
1856 45
1537 73
1538 28
1539 17
1540 27
1541 108
1542 29
1543 19
1544 29
1545 15
1546 17
323 81
1547 15
1548 10
1550 49
1551 16
1552 31
1553 18
699 35
1355 157
1298 110
1668 52
2650 151
527 211
707 104
2743 114
199 294
1402 132
1511 285
2927 225
2301 246
2381 178
1052 24
1861 98
1230 78
136 48
12 45
1519 508
842 45
3023 184
82 74
435 197
3129 92
1066 37
2747 208
2916 197
2917 189
2870 17
2811 87
1467 129
1687 115
2445 265
2599 72
697 30
2651 144
458 141
3172 324
926 111
506 19
596 19
3186 101
3187 147
1055 312
931 61
600 141
2430 46
1064 128
937 71
563 274
1012 160
605 52
945 694
2443 136
1073 331
1023 123
1714 34
1143 70
1024 226
658 20
2513 396
1769 125
1652 60
1724 54
1034 133
1091 40
626 55
583 16
2465 40
1841 90
1168 179
2480 30
2483 249
1118 127
642 161
1274 113
2494 92
1866 102
1283 36
2558 150
1183 114
756 248
2672 238
2505 14
1879 145
1194 49
701 44
2019 94
91 39
2626 125
2578 109
1302 111
1962 55
2684 50
1970 120
2643 97
2592 254
2697 149
2092 100
2647 89
2658 100
1379 184
1336 40
1337 114
125 6
2833 28
2113 69
1342 219
1387 118
1482 115
2182 152
1431 190
267 193
1392 117
2192 316
149 77
153 39
2903 28
2906 19
2794 5
2732 7
280 128
2082 172
283 52
159 11
224 29
163 80
2804 383
165 65
167 22
17 70
232 27
2919 16
2867 73
2213 179
1517 284
2874 29
298 20
21 174
1462 128
236 247
2992 80
243 125
244 132
33 30
315 53
2884 65
2355 282
442 50
377 61
250 118
2297 17
2943 385
454 26
2244 38
2246 48
391 128
1556 61
462 59
2311 156
463 48
399 69
3029 95
2961 105
2317 128
477 205
957 183
958 426
2387 130
2389 47
541 8
2977 46
423 92
86 109
3174 50
1667 82
1049 77
1601 52
497 8
433 215
1673 186
3182 77
1675 157
3140 171
1710 442
2469 13
2245 363
2627 170
2957 46
1875 496
3010 113
3069 61
2765 230
2978 6
974 542
1596 79
1685 265
1619 44
3152 315
1042 232
582 53
1734 128
1742 82
1880 31
1881 38
2686 217
1974 239
1255 99
1343 296
2189 60
2141 38
2207 22
299 323
349 8
1589 95
2332 99
976 590
706 228
2542 139
2478 200
2611 57
2502 216
765 38
1502 85
2862 309
2143 172
3082 33
3085 282
3089 25
852 148
539 53
3167 516
784 139
2072 137
307 237
55 145
1607 27
3146 111
2940 35
3064 126
1000 487
1690 207
1630 87
2436 87
1763 87
2440 68
1134 103
1640 8
1025 156
673 82
1161 10
735 60
2594 117
2595 258
1849 74
1171 13
1859 19
1799 60
766 10
2678 374
1361 90
2688 71
2591 108
1981 17
2703 111
2832 276
1483 253
2193 139
1498 179
1501 63
1505 89
219 11
160 156
2912 66
2272 246
2273 28
242 32
2990 216
2930 141
3011 108
2240 61
839 104
2374 26
2375 79
949 525
2313 110
955 130
75 57
863 97
3111 64
915 72
879 147
3185 110
989 261
2433 223
1831 92
2080 81
2221 205
1136 138
2350 8
8 24
1936 88
2561 206
1232 90
2260 148
2269 49
379 248
2385 45
2568 100
778 58
1506 178
240 65
2365 121
2525 31
2485 35
2159 247
1953 113
279 39
38 24
418 9
41 83
2409 5
1149 24
874 325
934 91
2534 21
3132 43
3150 25
580 13
1729 31
101 292
2773 120
2774 26
2778 98
1439 78
2264 61
1458 348
830 135
1874 190
509 29
510 20
1684 58
1614 61
1615 45
7 21
644 43
572 101
1712 12
1087 37
1722 30
665 112
1169 25
1178 26
1228 10
1871 46
1944 44
1190 8
696 11
1351 19
1353 83
1247 24
1253 116
2739 6
1408 57
1907 25
1257 23
2050 9
2052 7
1487 47
1433 63
207 51
2184 37
1488 97
156 6
223 31
18 75
2810 61
808 118
2278 10
811 52
814 67
534 17
2388 51
80 6
495 34
584 66
1599 11
547 11
590 52
1158 152
1968 125
2786 122
3058 193
1899 249
2655 7
2003 32
2907 122
1401 81
363 111
817 47
258 19
1581 45
77 6
2401 211
503 27
1588 67
927 205
1004 262
1076 174
781 73
2357 229
2360 96
3024 165
2321 79
2677 80
2583 201
1385 55
2837 188
2105 34
2198 212
2305 156
2682 56
3098 76
3170 39
618 5
2168 105
1384 12
51 9
122 166
2363 76
3155 91
639 169
1748 12
1113 44
2548 20
2071 26
222 50
327 113
330 179
58 33
2322 39
2323 334
1634 40
727 216
455 192
983 255
1645 37
2462 133
1106 26
1170 44
2086 71
1518 133
2418 151
1985 124
473 196
1755 196
3137 30
1756 63
713 77
1835 48
742 107
750 66
752 111
1260 19
1497 56
1503 59
1507 68
2343 13
3006 123
3018 28
2371 125
2372 84
2338 64
2914 141
3097 56
3190 72
3194 12
1151 83
674 104
1109 210
1917 105
1919 45
1927 35
2026 86
2645 15
2775 16
2116 59
804 23
317 23
333 137
65 11
614 151
1713 24
664 46
1279 137
1256 106
2044 28
14 31
472 46
350 6
2473 128
2607 192
2451 77
2724 189
1761 34
2719 42
1493 32
1509 93
2844 138
1659 28
738 133
1768 201
1805 64
1220 136
1441 31
419 103
3154 12
2616 33
2705 166
2145 160
1660 138
805 193
810 154
398 53
536 49
581 29
1746 61
1111 55
134 54
2346 48
1560 25
1683 51
1709 12
2448 24
1658 108
1846 53
1916 212
2021 44
1963 27
2742 6
2033 80
2034 94
2093 59
2109 39
2110 14
2119 49
2126 22
1492 87
2138 36
216 8
237 73
2816 19
2947 20
3080 22
1564 35
864 86
747 65
700 104
1339 92
2263 42
359 43
2318 12
3188 11
1845 24
1863 128
339 86
3175 9
607 34
1080 20
2522 21
2524 137
2471 44
740 175
754 87
1935 243
92 174
1409 8
1313 31
790 74
195 96
2850 78
1394 76
2205 25
2208 162
2157 249
2821 29
2364 33
2310 121
973 164
3118 34
2535 118
1304 24
431 87
1135 21
1334 35
2185 54
1454 14
850 11
347 31
594 31
2054 45
2839 85
2841 15
3059 74
2540 22
2489 13
1124 29
1176 19
1288 100
1301 20
1902 68
1314 6
341 11
3191 31
2716 181
555 10
508 93
558 12
568 40
1082 182
1202 13
1092 45
2601 38
1221 4
1356 282
2581 91
104 45
2752 37
2759 23
2762 88
1472 47
266 271
168 139
2164 54
2165 32
3091 193
474 203
89 32
270 19
63 191
2325 159
3040 164
3066 141
2481 13
1181 13
1285 16
113 7
1322 47
2042 41
190 66
2772 29
1429 25
2277 52
2888 13
3096 12
2324 39
432 93
3003 18
1033 130
1739 65
1172 78
1873 27
1877 76
2507 66
2749 80
1346 86
210 47
1499 18
2857 109
2801 12
885 75
329 159
3087 33
1569 77
2319 68
487 104
3166 130
3127 63
2 148
2596 313
1189 69
1876 101
185 96
1440 18
3043 43
179 55
1437 28
2858 28
2964 51
3045 38
2854 292
3075 170
2543 143
741 42
1893 139
2756 120
2662 4
2061 62
2377 130
3104 36
862 244
1671 149
3122 8
621 17
297 34
651 22
1702 49
1707 38
1647 16
1853 145
641 43
1925 111
758 153
1349 20
1883 66
1360 45
1365 7
2766 102
2769 11
1998 21
196 25
2725 20
2262 114
2733 43
2142 66
355 31
1457 84
813 155
369 78
372 89
2891 14
453 51
2963 59
486 21
3047 9
3115 52
1603 33
1610 66
2529 33
1206 32
2475 43
1787 42
2493 74
2090 105
2652 59
2098 44
1396 86
2194 90
278 15
2079 47
2805 107
2923 11
303 67
2880 16
3002 32
320 55
886 17
2303 203
3015 206
407 49
3161 26
2333 18
3126 29
620 46
1774 128
2570 133
272 204
147 55
259 91
2516 20
1197 6
1269 17
1219 74
1289 31
2668 23
2020 151
1258 31
110 216
1990 13
187 107
1475 61
2859 10
62 31
948 40
3101 122
981 74
667 18
282 11
3164 13
2751 16
2799 81
3141 9
1081 71
632 12
2051 46
2212 31
2458 78
1093 130
1778 131
1820 50
2593 34
182 9
2758 97
2065 44
1397 64
2344 67
309 42
553 20
1413 21
2901 96
2416 62
3128 7
1629 88
1017 106
570 49
1088 130
1848 72
788 91
2707 68
186 23
268 147
464 72
3028 47
529 31
3095 38
76 19
78 100
1586 146
3181 89
2576 35
2424 71
999 29
1083 29
2129 17
2139 13
1598 20
3177 11
3178 8
3180 8
1276 9
783 8
2639 61
2806 114
2989 58
2958 6
1578 66
1123 81
690 7
1887 82
2685 82
1983 174
2835 14
220 7
1510 29
2803 99
562 15
2428 25
3139 70
941 109
569 19
3199 27
575 29
2460 62
1738 26
678 5
2491 53
1868 86
1810 40
2503 152
2014 14
1241 13
776 19
2687 20
2585 36
2588 20
1993 66
2723 70
1490 25
2789 47
2132 19
1500 10
158 16
2864 54
2275 10
2875 21
2280 8
3004 55
2944 34
902 185
903 183
2965 33
90 27
2400 71
977 33
2536 29
676 64
2552 117
1798 31
2008 55
2761 29
2654 38
2077 17
357 135
40 58
835 15
1923 31
2728 58
2730 12
2999 17
2551 19
2492 57
1494 13
803 100
2615 22
146 121
30 44
420 30
919 24
2506 117
1984 59
2941 110
1934 27
2423 46
1943 122
1663 91
507 11
2422 5
3 37
2434 33
646 34
617 13
577 13
1727 26
2528 47
2530 37
2537 24
634 53
1173 66
1120 39
1122 35
1225 18
1184 29
1949 35
1952 52
2619 35
2681 28
1359 15
1362 9
785 9
2089 29
1412 10
1415 36
178 49
1997 23
2176 18
261 20
2258 50
157 18
162 42
2151 9
2158 19
235 25
1468 13
2995 15
322 30
326 25
891 15
53 46
345 59
404 39
66 57
538 52
2393 11
543 25
424 46
356 15
1148 38
1839 69
2790 55
1445 80
1802 46
2556 40
2102 23
1452 76
3142 14
205 76
2787 17
2788 12
3025 15
3134 5
3071 8
3198 33
1070 75
3149 16
1828 15
627 8
2474 18
1270 19
1791 68
1792 11
2553 98
1940 37
2562 28
1809 27
693 40
2009 83
2015 110
2622 5
2580 106
2087 54
2088 59
2100 81
2101 24
1991 12
2106 24
1430 21
2068 22
2128 85
2073 34
209 11
2075 28
2852 14
285 57
231 38
19 20
2228 7
2229 29
2292 38
319 107
457 62
459 26
2373 21
466 9
401 36
3094 48
73 35
3160 9
545 69
84 9
85 9
429 18
3171 73
1664 15
548 10
550 39
501 25
436 23
273 42
800 65
1175 42
1121 23
1227 14
1371 19
2081 14
2274 84
239 47
26 16
255 5
393 92
415 14
1318 6
1451 12
2279 49
3159 28
597 68
692 65
2179 36
1435 12
161 44
899 52
2330 156
1590 32
1830 8
360 21
1689 6
3195 30
126 31
1319 28
137 61
443 11
208 10
2925 64
1145 7
1205 30
723 50
1209 14
1622 63
2466 46
1054 14
1711 51
1775 27
2531 43
1784 15
1211 13
1862 18
2565 8
1234 24
1889 63
2727 36
2920 56
2820 21
476 67
2972 86
1604 40
1186 80
394 39
857 16
2545 24
1895 14
1317 50
116 37
505 10
564 42
1215 19
1185 42
1250 13
1316 4
792 29
2649 75
1479 27
228 23
840 51
910 116
2706 85
663 38
2470 8
2287 9
2231 48
3120 28
3125 20
1201 17
622 30
2467 9
733 63
2605 39
2608 14
786 30
112 10
3030 9
70 22
2336 10
3123 14
922 100
1142 10
671 4
2604 4
2609 25
2571 18
103 34
2720 30
1508 75
2892 16
1950 36
1455 12
2813 44
2902 57
410 23
2300 24
1074 60
1967 35
352 22
383 30
1864 63
1844 54
1448 40
2214 16
897 55
2620 49
475 24
1090 28
2625 38
169 35
396 22
427 17
1888 32
1969 17
1417 45
2339 40
3041 9
1300 22
111 13
1681 70
1682 57
2420 7
1059 10
2438 20
2442 14
609 34
2446 13
1723 52
669 14
670 35
1308 14
1973 6
2704 6
2125 35
1442 19
2238 29
2239 28
2241 27
3014 21
3107 26
2980 17
3110 20
3179 18
985 40
1680 21
2694 26
1903 8
2882 19
619 7
2861 38
2802 7
295 56
373 29
1192 9
2670 32
1370 8
1344 21
2838 27
2200 105
2962 34
1163 34
2532 9
2659 17
2250 73
795 6
2721 30
1656 32
3020 38
846 5
2959 9
1195 45
1380 18
215 5
3133 66
107 43
2780 21
894 20
576 11
1062 29
3108 8
3109 13
3157 9
2267 18
293 6
485 38
2541 29
2675 44
1463 37
1290 31
1804 53
2612 36
2665 20
312 31
2408 27
2361 48
1765 5
1740 56
2271 9
2661 36
916 67
532 11
599 20
3153 10
1146 20
1108 4
2693 25
2146 5
2291 16
332 7
2369 5
3124 25
281 25
1079 13
1203 15
1733 12
1264 24
1265 17
1795 20
2679 23
1305 6
2582 31
791 13
2097 24
368 20
370 14
841 11
406 10
2327 29
853 15
2750 17
3048 93
2950 14
269 32
2266 27
251 5
47 16
3007 41
445 55
1089 74
284 94
511 28
1836 31
2635 86
1375 5
1376 10
1436 21
289 27
365 15
109 5
1130 22
1857 7
1821 26
798 23
1580 21
551 32
801 40
513 17
649 22
1133 21
1818 9
1328 10
2046 90
166 12
311 27
601 21
1728 32
2653 11
2915 26
2395 7
2018 5
1389 11
2993 14
530 18
2358 160
174 8
124 99
254 16
402 37
694 18
2043 11
2178 83
3051 41
650 7
177 64
2942 96
133 32
88 10
1403 10
3189 7
1069 15
1971 19
2204 4
2932 14
2976 8
3112 6
779 11
2935 5
854 23
912 14
2096 32
97 8
1410 25
587 29
1382 59
2011 24
1443 19
1591 21
1444 32
3021 29
796 31
1717 9
2296 8
2309 6
918 27
2886 13
1635 11
3050 67
1572 9
2059 18
3065 27
2136 18
354 66
2815 4
2294 23
2295 32
888 8
3102 9
2337 20
1688 13
115 14
129 22
2242 11
654 6
1996 45
1177 13
610 22
1801 37
202 23
542 7
1246 17
150 15
60 18
613 8
2468 10
2326 5
3168 6
592 8
460 12
2748 8
1999 58
2367 8
2348 4
3151 4
2550 20
2718 37
1989 21
1753 8
353 6
1309 6
2603 42
1140 10
1438 7
1053 14
794 8
288 6
1961 26
1894 32
2439 12
1811 8
2140 14
544 4
652 18
1829 21
2700 8
2994 14
344 24
3052 4
1107 30
2791 18
2435 20
1132 15
405 5
106 30
1612 24
1613 20
1266 4
1426 17
1594 11
3070 33
1474 13
1465 15
3176 39
1179 32
1959 13
381 32
388 12
265 21
2074 11
35 5
566 22
2764 17
2202 40
3158 11
1618 10
1624 28
1137 12
1691 18
2779 52
2335 12
1159 22
2924 15
378 8
2013 55
71 23
3044 13
1995 36
451 5
2660 32
1896 12
1897 10
2731 13
446 11
189 12
1471 5
2334 6
1718 7
3019 36
603 10
183 12
2270 8
362 13
2973 13
2975 6
428 16
1377 39
797 27
11 30
1561 10
61 5
500 6
1762 11
1767 12
1785 5
2117 21
2306 24
1060 41
1735 34
1737 13
689 24
2025 5
2734 11
2216 32
3016 30
2247 11
1606 6
623 34
2928 27
414 10
1272 10
2740 6
1065 7
132 45
2211 11
1275 26
2286 11
762 21
1446 7
2546 7
2770 10
1157 20
2256 7
1456 16
3117 8
552 9
1210 6
1636 49
2544 12
3039 13
1126 14
412 21
1398 16
1226 5
1240 35
2103 8
1972 6
3013 21
2893 9
3130 10
2547 6
425 7
300 9
819 6
331 20
3034 51
304 20
1112 11
2519 11
1617 7
2449 6
770 22
787 9
2909 4
2843 8
1600 30
567 6
264 14
483 23
2729 8
2895 18
2147 7
117 5
2170 16
2614 4
2783 9
2998 25
2683 26
1310 10
1284 15
2341 20
22 33
175 7
184 20
890 10
2067 9
2851 9
2233 5
342 4
3077 5
2078 23
1930 5
1345 17
2308 11
3100 7
660 15
1912 11
118 4
154 10
2197 10
2218 11
3000 8
3054 12
3074 8
698 9
94 13
2955 13
1815 47
1153 13
361 22
2191 16
1937 21
2076 17
1623 4
1393 5
1743 11
1745 15
1262 17
1287 17
3105 40
554 12
2877 4
56 21
1757 18
1764 7
1932 22
764 6
2617 4
1191 10
2148 6
911 17
437 16
2671 20
1400 4
2227 12
2883 6
2767 20
2674 15
2979 5
2894 24
1320 7
2819 8
3145 12
691 11
2004 26
316 5
1653 21
2255 10
1958 15
887 18
2567 11
1988 4
1331 14
2618 12
234 29
3079 8
2876 9
1665 21
52 19
1165 13
3169 13
2160 5
2268 18
2290 21
2680 8
2856 13
2881 12
2763 31
387 16
1296 25
2111 5
3056 8
2606 14
2610 16
2741 10
3119 4
675 17
1878 19
2023 15
2690 9
2036 27
143 15
444 8
3165 14
2410 10
241 8
683 5
844 29
1554 10
1674 10
292 22
2017 4
1557 17
2910 6
2954 9
668 10
1898 6
2047 7
3053 10
3067 42
395 18
2463 4
364 6
351 9
612 22
913 6
914 9
585 15
3072 4
2904 14
2024 8
72 21
1788 16
439 12
3143 5
3055 16
1771 23
923 4
1470 9
537 11
1386 9
2900 12
1321 19
2041 4
1094 4
2127 12
3103 11
164 7
917 7
868 12
2817 9
3084 28
1162 28
686 4
93 5
526 6
499 7
246 7
889 8
1199 8
2007 9
1239 11
50 8
731 5
2533 12
2426 7
682 18
1476 11
768 7
2889 10
528 13
479 15
123 6
657 18
1420 11
2453 9
2057 5
2918 37
3116 10
662 8
1760 4
2429 4
773 9
2812 5
2692 4
799 23
616 8
906 5
1860 6
2359 8
1268 16
1167 8
1432 8
831 4
2945 4
1200 22
59 6
1341 5
1915 10
2055 7
389 20
1808 15
1461 14
2476 4
688 8
1198 17
1867 4
36 10
1766 6
346 13
3147 5
1434 4
907 10
3114 13
549 12
684 7
1244 8
2702 13
2220 9
3036 12
1235 6
3148 14
191 9
1237 4
206 10
1414 10
653 5
680 6
1954 25
2755 6
2107 6
2939 11
1955 9
1323 9
2676 24
595 6
687 15
2281 4
2012 5
2407 15
2027 20
468 11
1662 9
3057 10
348 15
2028 16
3090 7
1231 18
2404 4
1449 4
2539 12
1077 7
2284 7
1372 15
2412 5
3163 9
2235 6
2016 13
1558 9
2669 4
1786 6
635 26
257 13
430 11
1214 5
102 13
695 16
2380 6
171 5
2938 7
1496 16
2952 4
586 8
1563 7
1752 9
2299 6
2689 4
1335 4
1427 6
591 7
1156 4
745 4
561 9
2243 12
2328 7
1555 5
2312 6
247 4
3078 11
1057 6
1827 5
2698 5
2217 5
3037 4
502 7
1150 7
2392 4
1144 4
1595 11
2201 8
1216 4
1418 6
2394 6
2777 4
1447 6
1139 5
1193 7
496 5
2587 15
145 8
1975 6
1806 6
2320 4
343 9
2131 4
2283 10
1850 4
1388 10
2206 9
628 6
2265 6
2717 17
1986 4
1152 7
1263 6
772 5
2579 4
2656 7
884 5
2366 4
2951 5
2342 6
1716 6
2437 4
630 4
2282 5
1817 4
382 4
403 4
83 4
2060 5
2768 12
843 4
3046 9
1164 4
2936 4
492 5
1901 7
1473 4
2699 5
3092 4
2236 7
893 4
114 4
3162 4
1243 4
